-34.10 95.78 -66.53
-23.20 64.45 -43.98
-22.23 57.01 -31.45
0.07 0.27 -0.96
-22.72 63.47 -46.16
10.92 -15.31 -13.92
-3.00 10.21 -10.71
-16.65 48.64 -40.75
-2.51 8.66 -9.37
-5.56 16.90 -15.36
11.13 2.36 -59.62
-29.20 77.28 -56.35
-23.18 66.19 -57.20
4.79 -2.46 -17.49
-27.18 72.31 -55.30
-16.07 41.64 -30.22
-26.29 68.13 -49.63
-21.05 51.32 -31.12
-32.20 77.73 -46.44
-28.98 74.71 -55.90
-14.12 36.21 -26.61
0.49 -0.07 -2.35
27.32 -29.40 -61.33
3.44 0.86 -20.29
14.24 -1.45 -70.97
-2.77 8.48 -9.18
-18.92 45.00 -26.62
-9.81 26.11 -21.79
15.19 -0.50 -79.66
9.65 -11.42 -19.28
-16.59 42.33 -33.03
0.82 0.78 -6.70
-34.31 85.35 -61.58
1.20 4.17 -18.81
18.63 -13.99 -61.00
-16.91 42.93 -33.64
-40.43 99.08 -69.50
-26.16 63.78 -44.77
-19.47 45.65 -27.62
-4.93 15.07 -17.61
-22.25 51.67 -30.93
-34.76 87.78 -69.61
7.13 -4.07 -27.71
-33.59 81.90 -59.93
-47.78 115.35 -82.95
-15.91 39.17 -30.27
-14.05 43.24 -53.62
-60.29 146.28 -107.53
-25.79 61.65 -43.07
-31.11 80.61 -71.73
-21.03 54.21 -48.79
-3.08 8.45 -8.96
-39.21 91.05 -61.95
-21.73 51.94 -39.72
-11.42 22.90 -6.48
0.53 0.79 -5.82
-5.97 26.05 -50.69
0.29 -0.15 -1.26
-20.87 46.87 -32.44
-3.49 9.70 -12.11
1.89 7.58 -39.84
-55.01 122.39 -84.17
-21.09 46.71 -32.15
-23.97 55.93 -46.86
-25.23 58.57 -49.29
0.98 4.83 -25.12
-21.45 49.57 -43.42
-37.74 73.11 -22.51
-24.82 56.54 -49.12
9.46 -13.42 -13.73
-3.51 9.33 -12.39
-0.34 0.61 -0.04
-11.81 33.18 -49.19
7.77 -9.77 -16.51
-27.08 61.40 -56.31
-20.08 45.10 -40.41
-27.23 61.44 -56.19
-26.18 59.07 -53.83
-24.47 55.21 -50.31
-29.35 62.37 -44.42
-28.61 64.57 -59.89
-26.18 58.53 -53.80
-18.69 41.38 -36.25
3.93 -4.31 -11.39
-34.31 71.62 -53.77
-26.04 55.84 -48.31
-3.47 7.98 -8.98
-24.38 49.98 -36.11
-25.43 51.45 -34.76
-21.77 45.63 -39.08
-14.15 30.21 -28.69
-5.16 16.86 -40.75
3.99 -1.41 -28.69
-29.64 58.67 -39.34
-7.10 16.42 -21.93
-8.86 24.88 -52.98
-43.45 85.27 -59.34
-29.54 57.73 -40.21
-43.29 86.07 -67.96
-24.74 47.72 -30.29
-31.30 60.90 -41.96
-29.92 57.98 -40.14
-33.78 65.16 -44.63
-27.51 55.92 -54.37
-40.81 78.07 -53.56
-3.53 8.49 -15.24
2.09 -0.83 -16.85
-18.23 34.87 -26.24
-0.00 12.40 -81.06
-4.30 14.70 -49.17
14.49 -19.66 -32.06
-29.00 54.09 -36.88
-24.23 45.38 -31.28
-20.02 38.78 -35.72
-5.31 17.92 -63.51
-33.42 62.32 -44.02
-4.04 15.10 -60.00
-0.34 0.59 -0.17
-4.38 10.46 -22.84
-3.79 11.08 -36.26
1.68 -0.36 -18.92
1.82 -0.64 -18.30
1.20 0.48 -18.96
1.87 -0.20 -22.82
-2.13 5.77 -17.77
-18.84 34.70 -26.94
-31.18 56.47 -38.45
-30.11 55.69 -50.36
0.35 0.57 -9.78
-36.22 65.08 -44.58
-5.97 16.14 -54.24
-28.06 51.90 -47.43
3.37 0.66 -56.19
-28.33 51.75 -47.43
8.62 -10.20 -37.28
0.21 3.73 -38.12
-29.95 53.59 -40.79
-3.21 13.39 -79.72
-28.67 50.48 -33.65
8.22 -9.87 -36.08
-35.08 61.75 -45.24
-0.35 0.58 -0.18
-1.43 3.98 -17.91
3.24 1.69 -77.51
-10.59 20.88 -40.06
8.65 -7.65 -72.89
-1.19 6.49 -51.48
-15.30 30.03 -57.91
-0.33 0.56 -0.25
-1.74 4.41 -19.74
8.28 -11.88 -19.64
-31.11 53.03 -37.09
-0.45 2.12 -18.98
-1.31 3.76 -24.58
-11.37 21.56 -50.64
-28.09 47.31 -35.73
-0.34 0.56 -0.26
-0.34 0.56 -0.26
-30.32 50.66 -33.13
-0.08 0.40 -4.48
-10.59 19.50 -43.35
0.01 4.98 -89.16
-27.82 46.12 -31.10
-15.75 29.50 -78.80
-52.94 88.45 -76.56
-26.38 44.08 -37.32
-1.03 2.09 -11.36
3.86 -3.34 -69.51
-2.57 4.83 -19.45
-13.36 22.06 -24.39
-29.09 47.29 -35.51
-42.34 68.55 -48.61
-36.20 58.62 -50.80
-26.60 42.90 -29.38
-29.02 46.81 -35.09
-0.09 0.21 -2.09
0.91 -0.94 -17.05
-0.01 0.10 -3.00
-2.67 4.71 -19.25
-2.49 4.33 -16.04
-22.03 35.96 -59.34
-9.19 15.35 -39.43
-30.23 47.81 -39.17
-32.18 50.52 -36.42
-0.19 0.34 -3.68
9.39 -14.41 -20.94
-33.91 53.02 -37.97
-4.05 6.34 -20.57
-4.07 6.33 -20.57
-4.26 6.56 -16.10
-21.42 32.98 -25.74
-5.30 8.09 -19.31
-6.20 9.55 -3.11
-29.82 45.39 -61.17
-42.72 65.29 -62.06
0.67 -1.21 -19.35
0.04 -0.06 -0.07
-21.85 33.27 -26.65
-30.12 45.51 -47.27
-23.17 35.01 -27.89
16.50 -26.00 -51.26
-0.48 -0.22 -61.00
11.22 -18.23 -65.49
3.35 -6.23 -65.12
-41.80 62.68 -36.91
-28.27 42.23 -31.14
-46.10 68.87 -55.06
0.11 -0.19 -1.18
-5.90 7.28 -65.03
-21.49 31.99 -23.43
-24.52 36.49 -26.63
-30.73 45.39 -33.99
19.52 -32.23 -78.30
19.61 -32.50 -78.17
12.00 -20.95 -73.01
-26.39 38.25 -29.61
-18.27 24.06 -74.40
-3.19 3.19 -29.86
-21.14 31.11 -9.94
2.26 -5.41 -36.23
-21.10 30.35 -19.08
-4.40 5.42 -19.49
0.00 -0.01 -0.10
-39.84 56.48 -43.19
-30.22 42.68 -32.93
24.71 -38.49 -28.14
-12.99 18.83 -6.21
-32.82 46.18 -34.44
-9.93 13.03 -23.57
-2.99 3.52 -12.90
27.97 -47.29 -85.58
9.04 -15.05 -22.07
-17.03 23.02 -24.37
-7.58 8.66 -29.97
-37.35 51.60 -37.67
-0.22 0.26 -0.61
-3.37 3.69 -12.87
-27.44 37.22 -27.89
-42.19 56.81 -43.19
-28.78 38.47 -28.19
-32.36 43.25 -31.44
-32.32 43.21 -31.53
-32.32 43.21 -31.53
-32.32 43.21 -31.53
7.19 -12.01 -15.11
-32.37 43.11 -31.63
12.28 -26.58 -80.44
-35.03 46.65 -32.74
9.56 -21.36 -66.82
11.83 -26.07 -79.08
-32.70 43.40 -30.87
-8.20 9.17 -22.11
-29.99 39.37 -29.27
-1.29 1.71 -1.09
1.74 -11.52 -71.15
1.27 -7.90 -47.83
-6.77 9.29 -2.67
-31.38 40.90 -28.69
-26.87 25.85 -93.22
-33.19 43.10 -30.78
-2.01 -6.07 -67.60
16.35 -30.63 -55.78
-38.51 50.01 -32.72
-10.25 10.54 -28.98
13.21 -25.92 -52.48
-1.72 -6.54 -62.23
-4.97 5.11 -13.08
19.97 -36.93 -58.86
14.94 -29.20 -54.37
-26.48 25.66 -75.59
-57.73 73.10 -51.42
-0.69 -5.30 -41.15
-45.52 59.53 -27.42
-2.82 -9.28 -85.15
-2.48 -14.05 -112.90
-6.18 5.91 -16.85
-2.57 -1.32 -30.56
-23.98 29.51 -23.30
-37.97 47.39 -33.39
-30.66 37.60 -29.73
-0.80 -8.77 -57.53
12.40 -28.12 -61.11
-31.96 38.63 -28.36
-11.51 10.89 -26.06
-14.09 15.27 -21.36
-0.90 -6.72 -41.85
-12.31 11.56 -27.77
-28.25 33.90 -24.76
-11.22 10.83 -23.38
-63.33 73.89 -63.68
-0.88 -14.81 -81.66
-17.53 15.67 -41.73
-8.53 -0.30 -60.70
-4.24 4.34 -7.18
-1.41 -9.93 -59.97
-53.92 59.25 -70.63
-11.70 10.98 -24.52
-43.81 52.96 -32.20
-9.43 8.22 -22.57
-31.46 36.84 -27.08
-34.57 40.47 -29.38
-29.28 34.28 -24.89
-60.49 71.07 -49.20
-34.57 40.34 -29.57
-43.52 50.78 -36.31
-15.00 14.94 -24.53
-11.04 9.70 -23.60
-14.17 13.45 -25.47
0.65 -17.76 -76.98
-43.85 50.80 -35.68
-21.86 17.14 -54.76
-21.82 17.04 -54.80
0.76 -18.18 -77.59
-23.55 19.69 -53.17
-29.21 33.24 -25.75
-21.92 17.06 -54.76
-22.00 17.12 -54.71
-22.00 17.12 -54.71
-22.07 17.18 -54.66
-22.07 17.18 -54.66
-22.07 17.18 -54.66
-22.07 17.18 -54.66
-22.10 17.14 -54.66
-22.10 17.14 -54.66
-22.15 17.24 -54.61
-7.46 5.03 -21.60
-28.90 33.24 -23.03
-2.81 -1.13 -21.29
-1.26 -12.20 -59.75
-22.36 16.97 -54.61
-28.14 31.36 -25.02
-32.25 37.24 -23.08
-98.38 117.66 -53.41
-22.18 16.41 -54.85
-42.31 47.15 -36.87
-43.24 34.89 -92.84
-32.95 36.34 -28.44
-3.96 2.87 -9.40
3.71 -24.54 -79.20
-20.96 21.94 -22.21
-9.00 -5.83 -70.08
-2.88 -0.42 -16.65
4.96 -14.98 -33.69
-39.11 36.22 -58.58
-7.71 4.49 -21.63
-34.53 38.08 -26.65
-31.74 34.51 -25.56
-10.97 8.63 -21.34
-33.16 36.44 -24.89
8.97 -15.16 -13.51
-7.92 4.41 -22.00
-7.56 4.14 -21.22
-15.77 11.93 -31.27
-0.41 0.43 -0.36
-2.33 -8.11 -40.74
-10.42 -5.11 -67.92
-1.93 -2.23 -17.25
-11.03 8.28 -21.09
0.07 -1.13 -3.73
-7.78 4.05 -21.37
-2.25 -12.50 -53.72
25.38 -42.91 -37.03
-5.08 4.48 -6.94
-52.97 54.66 -43.77
-40.15 41.28 -32.45
-43.63 45.82 -31.55
1.27 -18.13 -55.29
23.45 -38.57 -29.99
1.36 -19.41 -59.18
-9.11 -11.09 -75.24
-8.44 3.92 -22.34
-67.39 39.38 -148.66
-9.35 -9.06 -68.27
-4.98 4.22 -6.62
-34.97 35.84 -25.73
23.45 -38.71 -30.18
-9.54 -8.47 -64.45
-16.54 13.02 -23.71
-5.74 4.60 -7.91
-20.59 17.52 -25.12
-16.42 0.40 -62.17
-6.27 4.97 -8.67
-4.55 3.93 -5.28
-15.37 14.49 -13.56
-43.53 44.45 -27.70
0.07 -1.21 -3.39
-0.15 -28.31 -85.11
-33.79 20.95 -60.75
-57.61 53.72 -50.38
-49.53 49.02 -34.59
-18.99 18.92 -12.56
4.82 -13.37 -21.89
-29.58 25.98 -29.34
-48.51 47.67 -33.02
-3.95 3.55 -3.57
-42.04 41.31 -28.11
1.77 -6.84 -13.46
-4.63 4.17 -4.17
-50.63 50.63 -33.39
-37.55 26.78 -53.06
-6.59 1.41 -18.62
4.76 -27.85 -62.29
-9.66 6.06 -15.82
-8.79 2.49 -22.84
-7.60 2.07 -20.00
-17.14 14.03 -18.72
-13.95 11.58 -14.63
-49.50 47.80 -33.42
-2.95 2.76 -2.21
-6.99 1.31 -19.76
-34.38 33.20 -22.90
-17.57 14.53 -18.40
-26.81 23.56 -23.98
-23.61 20.81 -20.75
-50.23 48.00 -33.89
-34.55 33.37 -22.40
-21.14 17.30 -22.20
-22.65 4.61 -61.82
-39.57 37.69 -26.65
-7.68 2.10 -19.32
-16.95 13.82 -17.65
-19.41 15.88 -19.88
-43.50 41.57 -28.31
-4.70 -6.91 -33.78
-34.87 32.98 -22.48
-26.74 11.13 -54.71
-29.70 20.49 -39.37
-6.76 0.83 -19.12
-10.62 5.96 -17.59
-30.65 28.78 -18.90
-5.59 3.11 -8.70
-9.27 -3.45 -36.17
-29.95 16.67 -46.66
-54.96 51.25 -33.30
-7.42 1.81 -17.40
-43.38 39.06 -29.49
-35.03 31.10 -24.80
-0.38 -27.07 -69.08
-71.01 65.75 -43.49
-25.50 10.46 -48.52
-40.12 35.62 -28.40
-8.33 1.29 -21.18
-35.15 31.09 -24.64
-27.15 24.70 -17.12
-8.14 -14.15 -58.46
-8.36 8.33 -3.47
-3.84 -19.76 -59.80
-31.12 24.75 -27.95
-9.85 -6.55 -44.14
-41.88 18.64 -73.36
-19.79 14.17 -21.23
-18.47 13.22 -19.75
-7.45 2.21 -15.46
-45.13 38.68 -32.41
-35.28 29.92 -25.86
-53.26 41.17 -48.55
-24.63 22.41 -13.93
-30.56 17.08 -42.93
-2.18 1.77 -1.73
-49.18 38.56 -41.83
-35.22 27.62 -29.85
9.11 -30.95 -48.20
-11.91 -10.95 -57.57
26.67 -48.12 -41.31
-55.69 37.28 -61.41
-19.45 13.27 -20.47
-22.49 16.22 -21.51
-23.15 17.19 -20.87
-10.75 6.93 -12.09
-32.92 29.43 -18.29
-6.06 4.50 -5.44
-10.42 2.62 -20.90
2.41 -10.97 -18.69
-51.14 27.30 -67.40
-3.32 -20.74 -54.71
4.75 -31.38 -58.21
-47.95 36.26 -38.89
-2.91 -16.51 -43.91
-13.76 7.44 -17.13
-35.83 31.15 -18.89
8.71 -37.13 -59.41
-51.69 37.69 -42.67
-15.95 -7.54 -54.31
-7.88 -11.94 -44.03
-53.92 25.83 -71.76
-56.30 48.25 -29.51
-1.61 -7.72 -20.22
-22.18 -9.55 -72.17
30.00 -60.69 -58.85
-11.81 5.43 -16.11
-6.33 -22.82 -63.00
-32.56 27.41 -17.72
-45.23 32.14 -37.01
-35.05 29.41 -19.14
-8.63 -18.51 -58.96
-36.64 28.32 -24.94
-62.06 49.72 -38.61
-56.91 42.42 -41.65
-94.35 26.70 -158.76
-11.66 -3.04 -32.75
25.71 -58.58 -63.31
-38.73 26.92 -31.10
-9.79 -11.83 -45.90
-44.94 33.74 -30.00
-4.20 -1.32 -11.91
-39.96 30.55 -25.52
-41.22 26.36 -36.60
-15.37 -3.15 -39.82
-11.61 4.79 -15.56
-42.94 28.96 -34.80
-10.09 -12.19 -46.48
-67.97 54.07 -38.49
-61.17 46.26 -38.91
-24.32 17.28 -17.72
-65.70 49.15 -42.71
-42.49 31.56 -26.97
-52.06 37.27 -35.06
-7.62 -2.11 -19.78
-5.04 -2.03 -14.30
-46.35 32.09 -32.55
-5.94 -25.32 -60.98
-10.42 -3.32 -27.61
-7.98 6.70 -3.21
-33.09 21.25 -25.74
-71.78 51.96 -44.37
-12.91 1.86 -22.14
-33.20 24.12 -20.11
-6.37 -2.42 -17.20
-8.00 -18.94 -51.66
-6.47 -2.45 -17.48
-39.47 26.73 -27.63
-10.48 2.57 -15.76
-7.06 5.84 -2.87
-48.08 32.06 -33.90
-6.87 -2.61 -18.28
-5.24 -2.13 -14.22
-85.16 55.52 -61.08
14.34 -68.02 -98.55
-8.74 1.76 -13.52
-42.37 30.22 -25.16
-84.14 52.57 -63.69
-7.24 5.37 -3.84
-107.71 62.43 -89.46
-12.53 -8.52 -39.28
-11.41 6.02 -10.45
-6.42 -2.75 -17.02
-39.57 30.81 -18.05
-55.69 38.42 -34.18
-96.59 61.30 -69.01
-89.62 60.22 -57.65
-12.18 0.04 -22.63
-6.11 -3.63 -18.05
-102.78 59.82 -82.96
-93.88 62.37 -61.71
-53.72 36.92 -32.64
-48.73 35.28 -26.41
-5.03 3.54 -2.90
-10.81 -0.13 -20.07
-9.43 1.90 -13.89
-31.67 21.28 -19.61
-77.04 47.21 -55.81
-61.57 35.26 -48.77
-11.45 2.25 -16.73
-20.58 -6.77 -49.35
-5.78 -21.29 -48.41
-37.67 22.46 -27.94
-15.35 -17.72 -59.23
-25.80 15.20 -19.07
-27.19 18.54 -15.56
-74.98 52.89 -39.52
-10.88 2.02 -15.69
-52.12 34.89 -30.86
-6.18 -7.53 -24.11
-10.97 1.41 -16.90
-7.08 5.12 -3.46
-51.53 11.71 -69.37
-5.80 -9.77 -26.90
-7.63 5.32 -3.95
-102.90 66.82 -61.17
-11.01 6.80 -7.18
-46.26 25.43 -35.47
-7.51 5.49 -3.39
-97.59 56.12 -70.07
-7.63 5.10 -4.22
-56.52 30.30 -44.40
-3.48 -8.93 -21.13
-7.74 5.81 -3.20
-12.81 7.88 -8.13
-44.88 29.25 -25.67
-30.51 -2.13 -54.73
-11.33 7.03 -7.09
-9.23 -0.32 -15.80
-26.49 18.69 -12.38
-9.90 0.22 -15.98
-36.95 19.90 -27.36
-7.95 4.43 -5.62
-10.87 7.81 -4.74
-55.37 35.68 -31.00
-2.59 2.51 -0.04
-12.38 -16.79 -47.74
0.62 -2.74 -3.52
-19.41 2.66 -26.68
-35.77 7.28 -45.07
-9.97 0.17 -15.59
-34.21 19.59 -22.12
-13.58 -11.36 -39.95
-10.99 6.58 -6.58
-8.26 6.00 -3.22
-7.90 -0.19 -12.75
-90.96 52.09 -57.39
-0.02 -0.03 -0.09
-9.28 1.62 -11.80
-8.79 -0.32 -14.19
-8.13 5.69 -3.44
-8.18 3.73 -6.68
-8.97 0.19 -13.61
-8.64 -0.02 -13.35
-9.45 -0.33 -15.08
-7.72 1.18 -9.89
-50.67 12.63 -56.99
-2.47 2.34 -0.02
-8.80 1.22 -11.33
-39.38 27.68 -15.27
-47.60 28.83 -25.71
-46.84 27.81 -26.10
-7.10 4.72 -3.17
-41.39 24.67 -22.78
-9.51 1.52 -11.76
-57.20 34.64 -30.76
-5.11 -4.92 -15.34
-69.82 42.78 -36.63
-63.30 23.92 -55.78
-44.06 27.75 -21.14
-33.36 -11.62 -66.72
-9.40 -0.41 -14.28
-46.99 24.67 -29.66
-4.23 -4.52 -13.11
-11.70 1.29 -14.91
-16.18 1.84 -20.40
-50.56 29.90 -26.65
-7.90 5.11 -3.39
-8.60 1.58 -9.75
-51.33 26.60 -32.05
-9.53 -25.62 -52.29
-49.00 11.04 -52.01
-19.03 -22.52 -60.72
-12.09 -13.91 -37.96
-22.38 -7.53 -42.59
-9.03 1.32 -10.61
-9.07 -0.60 -13.53
-8.17 0.41 -10.74
-86.56 38.72 -61.82
-17.86 -20.26 -55.37
-23.65 -2.11 -35.61
-8.43 1.49 -9.25
-80.37 38.68 -51.71
-20.99 -19.10 -56.92
-11.75 0.80 -14.65
-18.07 -24.69 -60.84
-50.15 10.11 -51.51
-20.84 -23.31 -61.62
-62.45 12.14 -64.51
-59.33 11.43 -61.06
-12.62 -5.30 -24.20
-9.99 -1.46 -15.14
-42.61 -23.81 -89.90
-4.65 -8.05 -17.71
-98.40 53.65 -48.96
-63.15 11.82 -64.02
-74.37 11.38 -78.73
-67.32 12.11 -68.64
0.10 -3.15 -4.39
-15.73 -28.03 -59.70
-12.04 0.19 -14.82
16.70 -40.51 -36.77
-23.83 27.71 9.66
-133.69 71.68 -64.39
-63.62 11.79 -61.83
-5.12 2.25 -3.12
-23.20 2.44 -25.01
-21.07 -12.51 -43.13
-13.50 -5.24 -23.73
-27.65 20.31 -5.19
-21.85 13.60 -7.48
-18.80 -11.03 -38.22
-9.40 -2.96 -15.42
-30.77 14.68 -16.33
-6.88 -4.32 -14.13
-6.31 -2.90 -11.46
-47.31 5.64 -47.81
-18.65 -9.54 -35.01
-27.27 18.81 -6.20
-16.12 -5.61 -26.59
-15.84 10.29 -4.43
-7.81 -6.21 -17.56
-2.41 -10.77 -17.39
-17.02 -6.06 -27.50
-30.75 19.29 -8.98
11.54 -43.66 -45.63
-17.57 -22.74 -50.38
-9.82 -3.06 -15.14
-18.21 -21.24 -48.86
-15.28 -9.96 -30.11
-20.24 -0.92 -23.47
-1.66 -4.12 -7.25
-7.61 -4.18 -13.79
-0.20 -6.38 -8.59
-9.85 -5.42 -17.85
-8.84 -5.54 -16.83
-3.86 -5.10 -10.86
-26.74 -5.05 -35.21
-38.07 -8.86 -51.68
-28.12 -20.66 -56.49
-17.86 -1.97 -21.34
0.56 -9.65 -11.86
-8.17 -6.52 -16.93
-7.70 -5.93 -15.62
-13.16 -8.07 -23.96
-14.06 -0.91 -15.71
-17.93 -1.92 -20.89
-64.63 34.65 -22.14
3.04 -38.61 -45.83
-34.61 -10.98 -48.89
-10.81 -7.85 -20.89
-54.52 -1.52 -56.87
-64.33 36.84 -18.07
-6.58 -10.26 -19.51
-8.22 0.36 -7.75
-1.79 -4.33 -7.21
-64.42 36.74 -17.94
-6.23 -5.69 -13.24
0.61 -2.56 -2.60
-7.14 -5.82 -14.29
-8.00 -5.71 -14.96
-64.60 36.55 -17.68
-9.26 -4.84 -15.03
-64.50 37.09 -16.90
-64.50 37.09 -16.90
-64.63 36.56 -17.55
-1.72 -11.54 -16.00
-64.63 36.56 -17.55
-64.65 36.58 -17.42
-7.87 -9.90 -19.93
-64.65 36.58 -17.42
-8.70 -4.67 -14.21
-64.65 36.58 -17.42
-8.40 -6.98 -16.75
-64.72 36.47 -17.42
-64.69 36.45 -17.55
-64.69 36.45 -17.55
-66.13 -0.46 -64.53
-64.73 36.32 -17.68
-0.20 -2.48 -3.26
-26.05 14.62 -7.06
-64.75 36.34 -17.55
-20.41 25.03 11.25
-7.93 -6.77 -16.00
-64.82 36.22 -17.55
-4.50 1.10 -2.97
-25.17 -12.94 -40.12
-42.84 -1.72 -44.09
-5.01 -8.68 -15.43
-64.91 36.13 -17.42
-14.42 -5.88 -20.82
-4.61 -8.05 -14.13
-4.64 -8.04 -14.13
-20.91 -6.12 -27.01
-8.60 -5.35 -14.52
-11.12 -6.24 -17.81
-4.17 -6.89 -12.17
-8.62 -5.45 -14.46
-8.67 -5.42 -14.45
-25.93 -2.91 -27.21
-4.73 -8.10 -14.06
-4.89 -8.00 -14.06
-4.89 -8.00 -14.06
-12.48 -5.56 -18.00
-1.01 -12.82 -16.22
-8.72 -5.49 -14.39
-8.74 -5.50 -14.37
-20.97 19.97 5.05
-21.25 22.08 7.30
-9.60 -6.05 -15.61
-4.78 -8.24 -13.96
-8.57 -2.06 -9.96
-5.14 -6.40 -12.08
-11.93 -5.87 -17.40
-5.13 -5.92 -11.48
-6.94 -10.45 -18.32
-9.82 -5.00 -14.36
-12.99 -5.57 -17.77
-8.91 -6.45 -15.25
-5.41 -7.96 -13.89
-7.42 -10.06 -17.98
-21.87 -19.28 -40.87
-8.51 -9.36 -18.00
-0.81 -7.22 -9.04
-26.09 -20.98 -46.25
-6.97 -8.19 -15.30
7.15 -52.90 -55.08
-13.40 -8.37 -20.90
-18.77 17.56 4.53
-21.32 -11.01 -30.49
-0.82 -5.35 -6.81
-14.76 -5.84 -18.92
-3.47 -5.55 -9.21
-10.71 -7.04 -16.89
-12.58 -7.32 -18.70
-4.38 -5.11 -9.44
-7.94 -6.43 -13.71
-5.46 -8.21 -13.72
-5.46 -8.21 -13.72
-7.27 -4.75 -11.24
-5.44 -8.28 -13.69
-5.56 -8.21 -13.69
-4.56 -13.17 -18.42
-5.48 -8.28 -13.67
-5.31 -8.40 -13.67
-5.63 -8.19 -13.67
-5.45 -8.33 -13.66
-5.52 -8.28 -13.66
-5.39 -8.37 -13.66
-5.36 -4.26 -8.99
23.41 -72.47 -62.78
-5.51 -8.38 -13.60
-9.91 -7.26 -15.78
-2.22 -6.45 -8.89
-5.46 -8.41 -13.60
-7.29 -6.45 -12.82
-21.00 -14.87 -32.69
-9.23 -6.66 -14.46
-4.55 -5.39 -9.46
-2.76 -1.57 -3.86
-13.28 -8.20 -19.27
-13.93 13.65 4.43
-17.60 15.57 3.76
-5.50 -8.47 -13.55
-11.97 -6.80 -16.64
-3.23 -10.50 -14.01
-5.33 -9.26 -14.23
-8.95 -6.43 -13.85
-10.19 -6.97 -15.35
18.29 -44.83 -35.44
-14.47 -11.18 -23.15
-7.15 -4.90 -10.74
-34.52 -7.21 -33.58
-1.80 -7.04 -9.04
-19.07 -18.55 -34.42
-7.14 -7.79 -13.82
-5.61 -8.51 -13.48
-5.68 -8.49 -13.46
-14.09 -5.92 -16.92
-16.00 15.56 5.11
-8.66 -6.11 -13.04
-20.72 -8.41 -24.40
-5.43 -8.69 -13.44
-6.18 -9.67 -15.01
-90.52 22.57 -41.73
6.43 -13.91 -10.37
-18.10 -8.13 -21.96
-2.55 -7.63 -10.08
-10.27 -7.22 -15.18
-10.32 -5.91 -13.78
-24.09 26.28 10.97
-16.37 -12.24 -24.88
-12.82 -7.52 -17.29
11.71 -78.37 -75.72
-5.45 -8.05 -12.45
-34.53 -7.21 -32.10
-36.94 -8.12 -34.66
-2.86 2.56 0.72
-20.67 -17.84 -33.48
-23.42 -40.25 -59.18
3.01 -13.24 -11.97
-6.23 -11.57 -16.64
-5.55 -10.31 -14.83
-15.20 -10.56 -21.67
-14.51 13.53 4.29
-10.18 -5.32 -12.67
-33.17 -20.17 -44.03
-2.37 -10.76 -12.95
-9.21 -8.68 -15.36
3.37 -11.53 -9.80
-2.80 -5.15 -7.22
10.07 -19.10 -13.18
-4.65 -6.31 -9.61
-2.05 -7.87 -9.49
-2.56 -11.55 -13.56
-6.02 -10.06 -14.18
-5.38 -8.44 -12.10
-10.90 -7.38 -14.52
-2.20 -5.31 -6.80
-54.21 -33.87 -67.83
-23.17 -20.42 -35.03
-2.15 -7.11 -8.52
-1.80 -7.93 -9.09
-3.64 -10.27 -12.53
-4.84 -15.43 -18.41
-1.86 -5.93 -7.05
2.32 -11.52 -10.11
-3.30 2.79 0.82
3.29 -49.49 -47.39
2.30 -11.31 -9.89
-23.03 -20.30 -33.85
-14.99 -34.65 -42.97
3.48 -40.59 -37.99
-2.48 -6.40 -7.68
-2.30 -5.90 -7.08
-1.32 -12.74 -13.21
-8.03 -1.87 -6.35
-12.64 -7.81 -14.55
-4.42 -3.25 -5.54
-0.73 -9.43 -9.49
-13.82 -8.34 -15.53
-25.70 -29.16 -41.83
-11.82 10.46 3.67
-14.84 -8.99 -16.58
-23.35 -17.15 -28.87
-1.94 -7.29 -8.01
-9.23 -37.85 -41.06
-33.94 -7.65 -25.27
-3.53 -10.68 -12.07
-0.60 -9.56 -9.38
-21.81 -18.30 -28.67
-0.52 -9.59 -9.34
-68.57 13.70 -22.32
-5.36 -7.14 -9.45
-5.60 -7.48 -9.88
-0.27 -9.72 -9.22
-6.56 -8.25 -10.95
-0.66 -9.65 -9.27
-0.78 -9.64 -9.27
-0.74 -9.66 -9.26
0.44 -17.97 -16.35
0.81 -10.28 -9.02
-2.65 -12.35 -12.54
-1.07 -14.27 -13.54
-0.55 -5.49 -5.22
-14.18 -40.51 -43.07
-5.72 -4.57 -6.66
-0.53 -9.85 -9.07
1.02 -11.00 -9.40
-17.97 -37.50 -41.29
-24.73 24.55 11.19
-89.55 -20.35 -54.53
-1.02 -9.86 -9.02
-5.54 -19.73 -19.38
-8.22 -29.24 -28.72
-22.58 -23.06 -28.86
-22.49 -23.12 -28.74
-25.60 -61.20 -62.73
-36.69 -10.11 -22.87
-26.94 -6.97 -16.39
-26.94 -6.97 -16.39
-1.26 0.93 0.31
-1.13 -9.31 -8.41
-1.17 -9.92 -8.93
-37.65 -14.00 -26.28
-37.65 -14.00 -26.28
-37.65 -14.00 -26.28
-1.20 0.85 0.27
-3.66 -15.62 -14.76
-13.92 -35.70 -35.60
-2.16 1.91 0.83
-38.55 -27.91 -37.99
-35.83 32.95 14.88
-8.42 -7.09 -8.97
-28.61 -8.31 -16.99
-1.83 -10.40 -9.34
-30.90 -10.88 -19.84
8.64 -43.62 -33.38
-32.23 -15.72 -24.09
6.98 -76.69 -61.26
-19.92 -18.64 -22.09
-2.82 -17.82 -15.68
15.93 -44.49 -31.52
-58.52 -10.21 -27.83
3.89 -58.56 -46.85
-7.26 -2.59 -4.45
-60.32 -26.73 -41.23
-11.84 -9.55 -11.55
-13.27 -11.30 -13.42
-24.06 -11.27 -16.73
-20.56 -45.54 -43.13
-18.78 18.26 9.02
-0.24 -11.27 -9.13
-27.80 -9.96 -16.24
-19.44 -13.92 -16.93
-0.65 -10.27 -8.42
-11.97 11.88 6.00
4.09 -68.83 -53.87
-17.95 16.98 8.41
-30.45 -30.56 -32.98
-0.10 -9.63 -7.66
-6.97 -2.20 -3.71
-8.58 -10.26 -10.49
-25.89 -42.75 -40.77
-5.15 -6.98 -6.93
0.72 -25.83 -20.04
-22.78 -8.61 -12.78
-44.35 -20.12 -27.44
-8.01 -11.52 -11.12
-14.45 -16.91 -17.01
-0.19 -13.71 -10.71
-9.04 -9.20 -9.47
-0.72 -4.63 -3.75
-24.01 -7.34 -11.71
-40.17 -24.13 -28.60
0.64 -12.65 -9.61
-43.46 -40.25 -41.63
-39.32 -53.52 -50.78
-1.48 -15.96 -12.62
-54.02 -37.82 -41.85
-72.47 -20.78 -33.25
-32.59 -38.43 -37.15
-39.64 -22.43 -26.51
-27.35 -12.00 -15.61
-16.53 17.11 9.18
-11.02 8.43 3.85
-78.57 -17.56 -31.07
-70.46 -16.01 -28.03
-62.63 -22.80 -31.22
2.46 -41.43 -30.82
-44.58 -36.23 -37.31
-26.75 -13.63 -16.17
-4.36 -4.67 -4.47
1.56 -27.03 -19.89
-36.01 -31.86 -31.35
2.26 -11.86 -8.39
-32.26 -17.01 -19.39
-44.30 -57.53 -51.98
-49.30 -17.46 -23.17
0.09 -8.51 -6.32
-17.99 -1.64 -4.84
-98.80 -24.09 -37.82
2.07 -32.90 -23.87
-46.32 -35.28 -35.12
-34.45 -11.39 -15.10
-24.32 -33.72 -29.54
-4.15 -7.71 -6.48
-20.24 -12.60 -13.10
-3.52 -4.92 -4.26
-48.40 -37.95 -36.66
-29.92 -23.37 -22.63
-0.21 -9.91 -7.28
-72.47 -21.60 -29.03
-4.21 -7.67 -6.33
0.66 -13.55 -9.75
-17.25 -12.90 -12.49
-4.19 -7.95 -6.51
0.69 -49.47 -35.68
-26.03 -14.85 -15.20
-4.65 -8.25 -6.70
-5.22 -7.26 -6.05
-30.13 -13.04 -14.28
-22.79 -13.16 -13.12
-17.20 -12.32 -11.54
-4.72 -6.99 -5.73
-16.52 -12.27 -11.36
-1.85 -25.24 -18.25
-21.38 -44.23 -34.79
-60.26 -57.79 -50.16
-24.79 -15.25 -14.45
-80.27 -21.96 -27.36
-3.73 2.28 1.07
-6.48 -42.36 -30.68
-10.58 -14.19 -11.49
-91.65 -25.42 -30.90
-91.06 -24.23 -29.71
-6.64 -12.03 -9.31
-112.74 -31.48 -37.13
1.07 -12.43 -8.51
-87.86 -24.37 -28.40
-30.72 -23.15 -20.11
-10.32 4.51 1.78
23.88 -42.73 -26.58
-14.02 -13.30 -10.93
-6.81 -9.87 -7.61
-119.52 -35.86 -38.87
-46.42 -13.40 -14.68
-6.15 -11.13 -8.32
-16.10 -16.85 -13.24
-21.63 -14.32 -12.04
-23.22 -15.37 -12.93
0.02 -0.08 -0.05
-26.97 -22.24 -17.74
-5.99 -2.01 -1.92
-10.69 -34.75 -24.25
0.58 -10.08 -6.66
-18.78 -15.10 -11.49
-18.25 -42.37 -29.39
12.65 -47.19 -29.94
-13.68 -14.36 -10.19
-31.05 -18.73 -14.07
-28.66 -21.76 -15.80
-16.42 -29.63 -20.12
-11.08 -11.20 -7.85
-14.95 12.86 7.49
-54.76 -36.11 -25.84
-8.82 -41.50 -27.03
-2.20 -11.87 -7.66
-35.55 -36.95 -24.90
-0.52 -10.24 -6.43
-6.76 -12.05 -7.66
-31.84 -28.97 -18.63
0.68 -10.26 -6.38
-10.86 -11.68 -7.44
-1.71 -9.92 -6.15
-15.46 -14.31 -8.98
-24.00 -22.78 -14.18
-2.08 -11.22 -6.83
-25.64 -24.16 -14.52
-4.60 -7.80 -4.69
-1.67 -8.52 -5.16
-24.49 -24.15 -13.90
-7.73 -6.44 -3.64
-5.64 -36.87 -21.80
-14.52 -29.89 -17.37
-1.36 -33.89 -20.06
-17.87 -16.61 -9.27
-24.77 -23.09 -12.80
12.38 -37.43 -22.31
-9.29 -4.02 -1.93
-25.46 -28.48 -15.43
-10.75 9.55 6.05
-28.65 -29.36 -15.34
-15.22 -18.87 -9.94
-8.67 -12.34 -6.43
-13.57 -15.89 -8.06
-15.61 -17.10 -8.61
-21.79 1.71 2.53
-15.68 -16.70 -8.11
-27.90 -29.51 -14.14
-15.38 -19.90 -9.81
14.67 -57.97 -33.42
9.68 -17.31 -10.41
-3.87 -6.56 -3.30
0.30 -17.00 -9.35
-17.83 -21.17 -9.91
-21.52 -24.16 -11.08
-23.64 -27.49 -12.34
-3.55 -6.36 -3.06
-6.12 -6.89 -3.03
-18.07 -20.57 -8.95
-41.72 44.11 28.57
-40.77 -43.26 -17.61
-12.19 -16.59 -7.17
2.56 -12.68 -6.99
-34.80 -47.72 -20.45
-50.63 45.27 30.38
-21.02 -23.92 -9.74
-14.23 -20.03 -8.51
-25.34 -28.64 -11.40
6.61 -65.06 -34.63
-11.17 10.90 7.24
-39.83 -39.41 -14.59
-24.89 -24.12 -8.58
-6.82 -5.16 -1.60
-15.76 -17.45 -6.52
-0.77 -40.12 -20.36
-10.66 -15.16 -6.06
6.23 -39.35 -20.92
-42.41 -52.57 -19.50
-13.81 13.57 9.11
-20.45 -25.16 -9.18
-40.96 -60.49 -23.03
-16.86 -20.24 -7.16
-33.37 14.93 13.30
-8.34 0.73 1.95
11.24 -52.44 -27.56
-1.87 -12.08 -5.49
-15.28 -22.07 -7.60
-33.36 -64.63 -24.05
-15.19 -20.75 -6.79
-29.03 -57.73 -21.50
-2.87 -18.09 -7.78
-18.68 -38.48 -13.65
-23.69 -56.08 -20.37
-26.66 12.21 11.79
-6.17 -9.29 -2.82
-0.73 -20.87 -9.39
-10.40 9.07 6.61
-13.16 -27.84 -9.41
13.45 -56.46 -28.81
-17.78 -27.18 -7.80
10.86 -50.21 -25.16
-10.45 -16.28 -4.68
-2.52 -10.75 -4.15
-23.22 10.63 10.73
-11.71 -17.63 -4.77
-14.52 -22.11 -5.91
-17.25 -26.27 -7.02
2.27 -29.46 -13.53
-23.64 11.02 11.23
-14.28 18.47 11.89
-1.60 -11.07 -4.34
-19.66 -33.65 -9.00
-8.59 -22.48 -7.13
-19.87 7.67 8.95
-4.30 -12.28 -3.95
-17.09 -4.87 2.88
2.28 -38.30 -16.84
-14.38 9.81 8.34
-18.44 23.10 15.12
-25.17 11.52 12.32
-12.84 -22.23 -4.71
-50.19 -12.51 11.56
-22.29 -70.27 -20.44
-15.73 -5.30 3.17
-19.05 6.90 9.06
-72.31 17.49 31.27
-27.52 -10.62 5.47
-28.77 -9.24 6.48
-22.73 10.74 12.10
-72.93 14.70 31.27
-72.93 14.70 31.27
-72.87 14.69 31.40
-7.56 0.94 3.05
-37.14 31.83 25.36
-32.19 -86.10 -21.05
-72.11 16.65 32.18
-14.53 2.48 6.23
-27.54 22.22 18.42
11.09 -66.97 -28.95
-69.28 15.87 31.64
-19.29 23.65 15.88
12.73 -43.83 -20.90
-27.77 22.09 18.47
-74.25 -27.32 17.83
-2.05 -29.39 -9.97
-0.25 -8.58 -3.02
-29.34 -7.53 8.63
2.84 -40.60 -15.62
3.95 -15.62 -7.07
4.67 -29.80 -12.37
-30.79 -7.11 9.84
3.81 -20.98 -8.88
-7.52 0.94 3.39
2.08 -36.07 -13.29
-8.39 -15.14 -1.73
-21.85 10.23 12.56
-26.81 34.19 23.30
-22.30 -22.61 1.61
-19.90 20.60 15.36
-19.93 25.78 17.11
-2.32 -10.75 -2.58
5.95 -37.56 -15.06
-6.58 0.25 2.92
3.41 -11.30 -5.21
-2.12 1.41 1.38
10.30 -69.77 -27.50
-29.33 -5.70 10.88
2.63 -39.60 -14.05
-16.28 16.68 12.60
2.13 -35.80 -12.56
0.70 -4.03 -1.61
-16.77 21.70 14.46
-27.65 33.30 23.60
-2.25 -17.59 -4.52
-13.94 -9.29 3.44
2.91 -14.98 -6.01
-5.85 -31.57 -7.18
3.12 -15.60 -6.27
-1.79 -10.48 -2.40
-2.66 1.50 1.71
-4.84 -52.13 -13.64
-13.18 -9.33 3.40
-2.16 -47.48 -13.45
-1.37 -11.67 -2.89
-53.18 -1.58 24.81
-14.78 -12.40 3.44
-6.64 0.09 3.27
-1.83 -0.78 0.67
-0.41 -29.07 -8.17
0.41 -38.79 -11.27
-25.54 19.74 18.49
-48.14 27.35 32.10
-110.94 -24.60 49.88
-53.64 16.09 32.20
-0.50 -11.44 -2.85
6.57 -19.30 -8.53
10.66 -55.87 -20.03
-19.56 8.38 12.94
-18.50 7.97 12.30
-2.66 -1.36 1.14
-1.39 -13.20 -2.48
-15.07 5.66 9.90
-56.41 -30.63 24.77
-53.20 22.80 35.89
-11.07 0.43 6.42
-8.41 1.79 5.29
-40.30 -25.58 17.37
20.44 -76.26 -29.83
-56.59 -14.32 29.49
6.45 -18.10 -7.96
-12.79 -16.31 3.95
-72.04 15.58 46.60
-10.00 10.47 8.32
-39.27 -18.06 19.70
4.00 -12.83 -5.18
8.37 -57.37 -17.28
-27.86 3.32 17.94
-14.22 12.90 11.54
-7.50 0.82 4.90
-8.83 0.91 5.79
-47.18 -18.68 26.19
-8.71 1.50 5.85
-44.98 -16.20 25.74
-63.81 -15.79 37.95
-7.79 -18.35 1.57
-7.38 -19.52 1.13
-49.40 -20.66 28.59
-8.70 -19.10 2.17
-10.52 -22.97 2.66
-34.54 -13.40 20.20
-14.58 5.39 10.57
-43.66 -17.91 25.41
-3.08 2.21 2.43
-69.86 -27.66 40.80
-74.80 -31.29 43.47
-58.20 -23.99 33.90
-8.11 1.56 5.64
-71.83 -25.44 42.59
-39.24 -15.38 23.17
-48.40 31.79 37.89
-51.99 -21.54 30.68
-39.25 -14.91 23.47
-72.29 -30.39 42.93
-26.93 22.28 22.01
-35.54 -13.64 21.45
-24.98 -9.64 15.21
-46.51 28.39 36.34
-44.12 -49.70 21.34
3.09 -32.08 -7.56
-2.91 2.13 2.34
-43.42 -18.34 26.56
-90.21 -39.04 54.93
-22.35 18.10 18.32
7.96 -37.44 -11.63
-25.93 2.68 18.39
-52.44 -21.62 32.75
-42.61 -17.74 26.65
-0.02 -11.85 -1.92
-112.14 -43.27 70.80
-72.42 -27.51 45.81
-46.42 -18.00 29.56
-82.06 -31.17 52.33
-53.47 -27.48 33.05
-21.88 17.78 18.10
-52.25 -23.38 33.05
-5.15 0.08 3.63
-88.68 -0.93 62.33
-21.35 5.09 15.89
-12.14 -6.32 7.68
-67.63 -30.11 43.96
-38.46 -69.96 18.28
-47.97 11.96 36.58
-8.98 -19.60 3.84
-9.85 -20.66 4.37
-1.41 0.84 1.14
-110.53 27.97 84.98
-24.77 -6.87 17.34
-5.67 -18.78 1.75
-3.79 -9.67 1.57
24.11 -48.36 -24.17
-11.59 11.35 10.09
-9.94 2.28 7.74
-16.50 -18.39 10.13
-38.89 -55.13 22.44
-71.68 -16.42 52.07
4.85 -14.16 -5.36
-15.07 -25.28 8.38
-9.97 2.71 7.90
-30.99 -64.39 16.76
-29.17 -60.07 16.15
-12.31 -25.57 6.87
-23.47 2.22 18.55
20.44 -49.34 -21.04
-24.00 -6.03 18.17
-22.59 -47.78 12.88
-7.28 -28.55 2.89
-69.62 10.90 56.46
-27.61 -58.94 16.71
-24.72 20.52 21.75
-21.02 17.82 18.52
-25.99 21.97 22.87
-18.99 -26.72 13.11
-16.83 7.46 14.28
-34.07 -17.74 26.20
-34.07 -17.74 26.20
7.11 -26.53 -7.98
-16.08 -37.89 10.19
-4.37 -0.81 3.57
-23.21 19.13 20.67
3.71 -33.06 -5.39
-9.98 2.25 8.50
-18.46 -22.80 13.99
-20.94 -58.17 14.05
-11.67 4.76 10.17
9.73 -41.83 -10.87
-14.49 14.54 13.18
-15.56 -19.63 12.06
-40.00 9.09 34.66
4.11 -15.89 -4.43
-12.10 5.06 10.66
-27.56 -38.64 21.73
-21.44 -27.73 17.10
-28.38 -38.22 22.60
-6.59 -0.37 5.67
-25.77 7.39 22.66
-21.52 1.66 18.76
-7.28 -22.42 5.48
6.61 -32.48 -7.11
-27.18 -10.16 23.75
13.72 -54.23 -14.15
-28.56 -10.68 24.96
-57.77 -22.29 50.50
2.30 -9.23 -2.35
-14.08 18.49 13.15
-16.83 7.53 15.36
-35.11 -20.27 31.11
-9.64 -22.50 8.14
-27.49 -10.72 24.58
18.31 -48.97 -17.70
-22.72 -3.80 20.60
-10.53 -21.59 9.13
-54.33 -64.74 48.21
-30.36 -46.57 26.76
-15.43 7.16 14.27
-5.70 -1.14 5.20
-17.93 -51.50 15.53
-11.99 12.12 11.20
-11.80 -11.44 10.67
-25.94 -12.93 23.64
-34.80 -95.63 30.72
-49.68 -56.75 45.14
4.16 -16.30 -4.04
-2.77 -13.72 2.42
-21.48 -4.41 19.88
-2.22 -6.33 2.01
-3.87 -19.21 3.46
12.50 -28.74 -11.84
-10.26 -9.67 9.51
-22.27 -65.04 20.36
-11.18 -23.33 10.45
-11.09 -22.94 10.35
-16.37 7.46 15.42
-13.06 -33.50 12.31
-20.91 -3.09 19.71
-28.08 2.21 26.54
-2.10 -6.48 2.00
-22.39 -3.59 21.14
-23.71 -3.88 22.48
-2.79 -7.00 2.68
-29.59 -32.52 28.33
-18.32 19.38 17.32
-11.75 11.23 11.13
5.41 -19.23 -5.02
-26.95 -1.04 25.77
-21.08 -53.79 20.80
5.69 -35.49 -5.05
5.98 -36.53 -5.33
-12.46 10.98 11.85
-6.99 -27.24 7.06
6.56 -33.46 -5.89
-12.60 -28.57 12.68
-10.41 -32.44 10.68
-43.70 -42.06 43.26
-51.22 -63.94 50.99
-23.92 6.95 23.14
-18.66 -3.29 18.24
-11.14 -40.73 11.63
-74.47 -26.37 72.90
-19.39 0.17 18.93
-37.27 -48.05 37.41
4.98 -25.36 -4.32
-19.61 0.17 19.14
-33.26 -42.42 33.56
-2.48 -7.37 2.60
-18.59 -46.72 19.40
-17.00 14.77 16.30
-64.60 -15.03 64.05
-64.97 -11.34 64.14
-21.86 3.35 21.43
-8.29 6.02 8.00
-64.43 -12.64 64.30
-62.61 -12.28 62.48
-10.85 -21.57 11.41
-40.24 -43.76 41.32
10.52 -37.16 -9.20
-36.77 -45.25 38.01
-9.98 -23.52 10.69
-18.52 10.69 18.07
-10.46 -21.25 11.20
-4.77 -25.02 5.69
-17.89 10.41 17.49
-27.82 -32.01 29.04
-10.63 -21.14 11.49
-4.39 -13.59 4.92
-16.28 9.48 15.98
-17.12 10.00 16.82
-16.97 -0.62 17.10
-62.07 -12.74 62.92
-8.38 1.95 8.37
-29.28 23.79 28.53
-62.09 -12.07 63.03
-63.50 -12.23 64.45
-3.29 -18.45 4.16
-36.11 -42.88 38.67
-20.56 -0.75 20.86
-22.91 -30.62 24.65
-19.79 -0.69 20.08
7.46 -34.20 -5.92
-9.87 -32.30 11.56
-9.01 -35.62 10.81
-28.85 20.58 28.39
-17.55 -3.16 18.09
-8.07 -29.28 9.75
-75.77 -15.00 78.32
-24.33 -20.78 26.28
-22.71 -13.59 24.25
1.17 -2.90 -1.04
-33.68 -39.86 37.22
-6.31 -27.53 8.15
-43.94 -56.03 48.94
-2.23 -13.04 3.17
-36.88 -42.57 41.22
4.96 -26.73 -3.39
-73.40 -16.81 77.70
-16.51 8.96 16.80
-28.56 -35.91 32.97
-17.76 -5.60 19.28
-9.10 -49.08 13.47
-9.79 -23.52 12.32
-9.10 -23.97 11.74
-33.42 -39.83 39.18
-3.94 -2.16 4.42
-5.44 -2.98 6.10
-38.80 -52.82 46.40
-9.18 -24.55 12.17
-1.52 -10.68 2.61
-14.79 -31.56 19.00
-9.56 3.39 10.08
-20.02 -18.15 23.49
-32.47 -44.85 39.64
-32.31 -44.97 39.64
-20.83 -19.56 24.75
-6.62 -22.50 9.76
-7.86 -28.92 12.05
-22.29 -21.91 27.46
-2.78 -23.64 5.80
-25.98 -25.62 31.95
-1.70 -31.37 5.54
-4.58 0.82 5.10
-2.66 2.17 2.75
-15.13 -18.04 19.55
-58.27 -8.60 67.52
-7.22 -40.16 13.57
-25.54 4.87 28.67
-13.96 -20.23 18.73
-20.52 -36.13 28.35
-11.17 -20.92 15.63
-11.85 -20.12 16.35
-15.03 6.95 16.39
-13.27 -3.46 15.77
-62.25 -21.31 74.64
-24.88 -53.85 36.21
-16.42 -4.25 19.58
-11.12 -20.22 15.68
-16.90 -4.34 20.21
-11.30 -21.07 16.06
-6.76 -24.06 11.23
-4.03 -42.60 10.67
-1.85 -15.09 4.30
-7.65 -28.57 12.98
-20.81 20.66 21.23
-1.95 -15.63 4.58
-12.82 -41.94 21.39
-1.81 -12.85 4.07
-1.70 -13.10 3.99
-9.27 -25.07 14.69
-9.23 -25.08 14.69
-13.10 -17.57 18.06
8.61 -35.05 -4.75
-21.03 -25.34 28.73
-4.26 -30.72 9.72
8.87 -22.64 -6.97
-12.92 -58.30 24.37
-11.50 -17.11 16.34
-7.14 -34.48 14.01
-1.28 0.94 1.37
-48.76 6.85 56.84
-8.81 -14.55 12.82
-3.11 -30.05 8.55
-12.53 -17.24 17.69
-16.87 -1.03 20.28
-15.21 -3.57 18.75
-13.17 -2.87 16.23
-34.89 2.62 41.40
-23.18 -49.27 36.04
-13.24 -50.13 24.40
-2.53 -25.33 7.35
-15.98 6.13 18.22
-14.86 -3.76 18.60
-11.84 -17.89 17.37
-11.89 -10.86 16.28
5.14 -13.31 -3.93
-13.19 11.47 14.01
-3.98 -1.10 5.02
-14.47 -5.27 18.54
-15.51 -3.35 19.45
-2.98 -31.52 9.32
-2.50 -2.85 3.56
-11.71 -17.36 17.51
-2.17 -24.29 7.09
-14.67 -5.05 18.96
-12.16 -9.40 16.84
-9.77 -35.72 18.95
-8.73 -13.04 13.35
-5.86 -56.70 18.41
-1.60 -19.88 5.91
-10.49 -38.86 20.78
-5.11 -29.58 12.19
-1.73 -12.46 4.63
-1.43 -18.15 5.43
-2.30 -29.23 8.74
-11.85 -16.02 18.07
-9.60 -10.97 14.27
-0.84 0.65 0.92
-11.39 9.97 12.30
-3.09 2.46 3.38
-5.74 -38.42 15.15
-10.33 -47.80 22.91
-3.15 -32.72 10.81
-3.45 -1.25 4.62
-14.92 -3.23 19.67
-5.78 -45.72 17.23
-14.23 -1.55 18.51
-21.54 -22.94 32.59
-14.35 -3.63 19.15
-3.99 -23.86 10.32
-4.42 -30.69 12.40
-19.97 -18.68 29.74
-56.71 -39.42 81.73
-2.26 -22.24 7.87
-1.81 -33.45 9.80
-0.58 -0.18 0.79
-5.62 -28.91 13.74
-3.79 -30.88 11.88
-2.87 -26.82 9.82
-0.69 -0.92 1.11
-1.90 -36.21 10.67
-2.25 -27.31 9.17
-9.03 -38.52 20.59
-28.13 -53.35 48.84
-11.93 4.82 14.39
-13.79 -62.72 33.00
-33.52 -35.82 52.43
-15.44 -1.68 20.60
-14.16 -3.27 19.35
-18.09 16.06 19.87
-11.06 4.52 13.46
-18.72 16.57 20.61
-12.28 -6.20 17.68
-2.47 -33.63 11.41
-2.03 -4.49 3.77
-0.23 -1.64 0.71
7.45 -25.49 -3.59
-7.18 -35.92 18.42
-1.23 0.97 1.40
-1.43 -31.51 9.70
-2.23 -17.69 7.39
-3.92 -32.84 13.43
-3.09 -93.24 27.63
-5.64 -0.03 7.52
-2.30 -32.03 11.18
8.12 -19.22 -5.98
-42.41 -62.64 72.54
-18.59 -17.64 29.27
-1.61 -15.08 5.97
23.43 -64.38 -14.81
-2.03 -4.97 4.01
-0.82 -22.35 6.88
-5.22 4.38 5.88
-13.86 16.11 14.45
6.25 -19.23 -3.35
-13.11 -4.82 19.02
3.17 -36.93 5.67
-18.53 -19.12 30.52
-12.00 3.76 15.42
-12.25 4.26 15.62
-13.05 11.14 14.86
5.10 -15.69 -2.61
-1.16 -13.80 5.51
-23.27 -73.36 53.09
-12.91 -4.24 19.05
-10.86 -35.51 25.42
7.49 -22.91 -3.77
-3.59 -30.57 13.96
-2.42 -38.53 14.67
-0.40 -0.91 0.83
-1.25 -27.50 10.02
-20.20 10.38 25.31
3.88 -31.60 4.13
-0.28 -32.31 10.25
-6.90 -11.17 13.18
-3.28 -38.22 16.36
-13.44 -14.07 23.36
-11.16 -6.70 17.98
-8.15 -13.09 15.69
-38.76 -2.17 56.07
-7.91 -10.84 14.70
-6.71 -43.32 23.21
-18.71 -0.65 26.93
-7.26 -11.71 14.08
-0.84 -12.25 5.11
-0.30 -34.35 11.43
-7.31 -12.37 14.62
-0.27 -26.09 8.99
-15.66 2.23 22.01
-10.21 -6.89 17.13
-22.82 21.80 26.02
5.16 -34.49 3.97
-6.08 -13.86 13.53
-10.30 -6.74 17.38
-12.63 -8.17 21.33
-10.83 -7.03 18.30
-4.91 0.15 7.18
-11.19 -7.27 18.98
-7.80 -40.91 25.62
-2.27 -29.46 13.78
-41.84 -61.79 84.05
-3.14 -35.91 17.35
-6.15 0.95 8.83
-4.91 -35.40 19.89
-11.94 -6.14 20.13
0.40 -28.72 9.95
-12.09 5.87 16.13
-33.70 -56.76 72.29
-32.43 5.84 47.24
4.32 -28.56 4.27
-10.63 -7.98 19.26
-9.34 -7.04 16.96
-10.65 9.52 12.68
0.12 -35.41 13.52
-9.74 -9.85 18.86
-3.49 -3.10 6.62
-19.13 10.13 25.70
1.63 -19.84 5.30
4.39 -35.77 7.46
-58.28 -57.88 114.73
3.15 -36.00 9.62
-10.43 -18.43 23.85
-11.31 -4.50 19.63
-8.83 4.23 12.14
2.06 -40.63 13.30
-10.85 -4.36 18.87
0.92 -33.04 12.10
4.72 -36.32 7.58
7.32 -65.28 15.53
0.27 -38.33 15.64
-1.50 1.25 1.86
-8.46 -6.66 16.26
1.80 -35.45 12.08
1.80 -35.45 12.08
3.41 -35.37 9.59
4.22 -30.79 6.27
4.56 -32.44 6.49
1.80 -35.43 12.15
5.13 -37.94 7.93
-17.17 -6.28 30.19
1.73 -35.37 12.33
-2.53 -35.36 19.17
-50.68 -39.46 98.15
1.79 -35.39 12.27
1.79 -35.37 12.33
1.82 -41.59 15.15
-16.95 15.05 20.85
1.98 -35.40 12.21
-1.82 -65.30 31.44
2.74 -40.21 13.17
-12.79 -2.35 21.82
-6.13 -10.98 14.77
-22.24 2.26 35.09
7.75 -64.07 15.61
-32.55 -71.42 84.46
4.36 -28.16 5.38
-2.76 -1.22 5.07
-9.94 4.87 14.07
0.98 -17.58 6.30
-13.77 6.08 19.83
-21.37 15.93 27.79
-0.52 -59.40 27.83
-11.79 -4.79 21.52
1.43 -14.80 4.38
-2.38 -45.37 24.67
0.65 -52.89 23.55
-11.23 11.31 13.37
-6.14 2.09 9.26
-8.77 -6.24 17.56
5.77 -39.10 8.83
-0.69 -49.22 24.54
-0.52 -12.46 6.80
-0.14 -39.20 18.86
-0.43 -49.26 24.45
-0.43 -49.26 24.45
0.98 -10.98 3.62
-0.51 -49.22 24.54
-0.60 -49.13 24.71
-13.29 -1.07 22.90
-0.43 -49.22 24.54
-0.51 -49.18 24.63
-1.95 -2.38 4.44
-0.51 -49.18 24.63
-0.43 -49.22 24.54
-0.43 -49.22 24.54
-0.34 -49.22 24.54
-15.85 -17.92 35.61
-0.26 -49.22 24.54
-0.34 -49.22 24.54
-3.27 -0.95 6.00
-0.34 -49.22 24.54
-5.64 -48.72 33.33
1.30 -29.81 12.36
-9.78 -6.90 19.99
-0.23 -43.49 21.69
-0.34 -49.18 24.63
-0.17 -49.26 24.45
-17.83 -22.02 41.07
-0.15 -43.53 21.61
4.63 -34.24 9.00
-0.26 -49.18 24.63
-0.43 -49.09 24.80
-0.17 -49.22 24.54
3.22 -24.16 6.39
-0.17 -49.22 24.54
1.51 -50.86 22.66
13.53 -25.77 -10.37
-0.17 -49.14 24.71
-14.80 10.95 19.88
3.98 -37.90 12.16
0.74 -52.80 25.18
0.50 -47.94 23.28
-10.06 4.35 15.15
-5.50 -28.05 23.65
25.69 -54.09 -16.83
-5.86 0.41 9.89
1.15 -36.56 16.67
-0.21 -40.93 21.22
1.20 -49.16 23.03
-0.82 -21.29 12.30
-15.45 3.91 24.82
3.31 -37.06 13.25
1.20 -49.08 23.21
0.85 -25.63 11.74
2.63 -12.68 2.00
2.82 -29.86 10.56
13.06 -70.48 13.80
20.96 -106.85 19.40
0.14 -39.42 20.43
-71.67 -7.79 130.06
4.22 -40.11 13.73
5.76 -38.53 10.29
-0.41 -11.62 6.85
3.61 -34.30 11.94
-7.93 -9.55 19.12
-13.64 3.68 22.18
1.79 -36.69 16.58
-0.26 -10.45 6.09
-3.76 -0.67 7.03
2.39 -23.51 8.46
-9.04 -7.27 20.09
0.20 -56.97 30.67
-36.73 45.68 40.59
-2.54 -1.46 5.35
3.77 -35.86 12.91
-4.45 -22.07 20.13
1.62 -51.57 25.39
-7.84 -8.96 18.98
-0.65 -41.30 23.85
3.59 -29.25 9.63
-2.63 -3.63 6.75
-17.06 -30.91 47.89
-8.65 4.62 13.02
2.49 -36.53 15.85
-3.93 -22.06 19.34
-10.32 6.70 14.87
-15.86 17.80 18.70
-8.87 4.66 13.49
-51.96 17.49 85.07
-2.56 -6.26 8.29
-14.45 -18.03 36.97
-7.77 5.73 10.95
-2.57 -3.59 6.79
-5.01 -27.02 24.92
-8.29 -8.41 20.20
-15.67 15.89 19.60
0.00 -43.21 25.35
-1.69 -2.08 4.34
-11.42 -16.80 31.04
-2.67 -3.32 6.89
-2.58 -3.49 6.84
2.60 -34.51 15.70
-2.57 -3.47 6.85
-7.12 -9.69 19.02
12.61 -62.54 13.91
-18.64 8.03 30.09
-22.22 -47.66 70.81
-3.75 3.05 5.20
-12.08 -2.77 24.44
-12.31 -2.82 24.99
-7.31 -57.87 49.65
-8.20 -7.26 20.00
-2.54 -3.36 6.92
-2.76 -5.71 8.86
-10.18 -4.55 22.26
-13.69 -17.59 37.24
-14.20 2.76 25.36
-0.77 -22.02 15.26
-7.63 -17.06 25.35
-11.24 -18.21 33.20
-11.57 -2.65 23.92
-3.50 -0.29 6.96
-8.07 -5.69 19.21
-10.80 9.62 14.67
8.36 -38.66 8.70
3.77 -35.88 15.84
-7.08 -7.34 18.47
5.42 -31.73 9.97
-12.54 -2.37 25.82
-11.38 4.35 19.27
-6.61 -7.24 17.55
-6.46 -7.08 17.21
1.46 -19.85 10.05
-13.74 14.53 17.39
-2.12 -30.38 24.05
-14.31 -6.95 32.63
-7.01 -7.44 18.68
-6.74 -7.18 17.98
-16.54 9.71 26.11
-12.41 6.29 20.17
-0.26 -37.26 25.23
-11.98 4.43 20.67
-14.63 11.51 21.19
2.42 -49.49 28.38
21.60 -36.52 -18.27
3.26 -35.77 17.60
-6.59 -7.14 17.82
-15.00 8.94 23.77
-3.27 -7.04 11.29
4.65 -43.47 20.29
9.11 -33.77 5.48
-16.81 12.35 25.57
-1.81 -2.53 5.59
-2.84 -1.15 6.73
3.66 -16.22 4.39
4.46 -19.64 5.21
-2.54 -6.95 10.45
-6.06 -7.15 18.23
-6.59 -7.14 19.40
1.97 -36.39 23.57
-9.80 -4.49 24.21
0.58 -11.51 7.60
-5.99 -6.45 17.74
-2.95 -1.21 7.23
0.77 -14.19 9.33
0.86 -41.20 30.05
-9.18 -4.18 22.87
-2.55 -1.02 6.33
-1.09 -4.21 5.74
1.47 -40.17 28.89
-7.43 -7.20 21.99
-12.39 -14.30 38.62
6.12 -31.50 12.12
-19.66 20.94 26.23
-5.42 1.16 10.98
-16.27 7.52 29.71
6.08 -31.58 12.48
-6.72 -7.23 20.78
3.38 -12.63 2.95
2.57 -20.60 11.65
7.04 -34.91 13.81
2.06 -24.51 16.28
-5.93 -11.40 23.18
7.79 -37.93 14.94
9.83 -33.19 6.41
7.11 -34.35 13.54
3.76 -18.17 7.20
5.95 -30.35 12.87
-14.86 8.14 26.91
7.24 -35.29 14.41
-6.66 4.11 11.73
-34.52 37.68 46.66
6.67 -14.70 -2.27
2.32 -18.33 11.19
-8.36 4.71 15.35
14.90 -55.99 15.96
-7.57 -6.77 24.04
-12.26 -22.21 49.36
-15.00 6.03 29.91
-1.22 -2.16 4.91
5.29 -35.41 20.59
-5.43 -8.33 20.74
-4.26 0.73 9.57
7.56 -38.17 18.06
-17.57 -36.02 76.66
8.86 -44.72 21.26
-4.27 -5.20 15.39
-5.06 -6.16 18.24
-5.95 -7.19 21.46
12.32 -39.07 7.81
4.33 -20.56 9.35
-3.97 -13.83 23.20
9.82 -63.44 37.81
7.32 -28.50 10.07
0.96 -4.85 2.42
-5.75 -6.66 20.82
-15.28 5.11 32.75
-13.63 10.09 23.77
-26.87 -17.18 83.52
-15.29 10.98 26.98
-1.53 -2.79 6.57
-12.90 9.20 22.97
-40.17 -1.68 102.60
-6.44 -7.90 24.25
-1.34 -2.52 5.95
-3.16 -14.27 22.59
-3.13 -13.56 21.84
-1.59 -2.86 6.97
-8.16 -4.37 25.15
-0.20 -19.37 20.49
-9.59 5.65 18.51
-2.92 -12.56 20.48
-3.22 -13.97 22.76
-13.92 -14.88 51.20
7.65 -30.22 12.28
-12.69 9.70 22.39
-12.27 0.49 31.17
16.16 -65.80 28.48
-5.85 -8.54 24.39
-7.28 3.86 14.87
-18.74 11.66 36.44
-5.56 -7.40 22.68
-9.77 5.82 19.30
23.07 -43.39 -13.26
-2.66 -12.51 20.78
-2.58 -5.90 13.32
-11.82 1.10 30.15
0.13 -19.19 20.94
4.09 -22.97 14.75
-14.16 10.55 26.08
15.47 -46.23 10.63
-4.96 1.45 11.71
-5.10 -7.59 22.41
-6.50 4.13 12.87
-10.72 8.47 19.37
-8.86 8.18 14.68
-4.88 -7.24 21.71
16.56 -79.97 47.34
-12.58 9.21 23.74
-18.76 12.13 37.33
6.65 -29.97 16.81
-4.90 -7.18 21.83
-0.68 0.88 0.85
-11.05 -4.15 35.28
8.04 -30.43 13.62
-11.12 -7.14 39.03
-18.17 -19.55 73.72
-11.75 -0.53 33.39
-12.73 -0.91 36.64
-9.46 -7.31 35.33
9.67 -35.83 16.21
-2.24 -6.89 14.72
11.28 -37.11 13.58
-10.93 0.27 30.71
-8.64 -7.51 34.23
2.98 -12.80 7.44
3.01 -31.85 31.22
19.46 -62.47 22.53
-7.09 4.60 14.75
-18.24 -21.89 81.36
-9.38 1.33 25.60
-10.43 9.72 18.05
-6.56 3.00 15.39
-12.22 8.72 24.69
-1.59 0.85 3.57
3.77 -17.42 11.48
-23.45 -20.10 95.64
-8.31 5.48 17.46
1.09 -17.76 20.18
11.16 -37.91 16.94
-9.25 6.63 18.94
-24.74 -29.28 114.56
19.47 -52.35 11.87
-1.79 1.27 3.70
-17.83 20.01 27.08
17.52 -50.04 15.00
-8.71 0.30 26.19
-8.46 6.01 17.68
-15.62 11.35 32.38
-19.61 -24.83 94.55
-9.46 -18.49 54.69
-18.55 -18.29 83.11
-23.70 -29.69 114.88
-5.58 2.88 13.29
-6.43 3.32 15.38
24.95 -90.57 49.95
-2.20 -6.21 15.67
15.25 -58.98 35.88
-10.89 -12.97 52.75
8.28 -48.96 44.08
10.67 -33.82 14.98
-4.62 2.21 11.51
-9.16 7.68 17.99
-15.47 12.13 31.58
-11.44 -2.35 39.93
-10.04 -2.04 35.03
-6.15 2.84 15.59
-2.81 -12.00 26.80
-10.85 -4.90 42.36
1.81 -17.82 20.60
-7.91 -0.06 25.71
-10.17 8.06 21.02
13.31 -36.76 11.66
17.06 -78.26 61.69
-1.93 -6.26 15.58
-7.45 0.49 23.54
1.05 -16.62 21.63
-11.64 -21.43 70.82
-2.63 -5.40 16.86
0.96 -15.18 19.97
5.57 -29.49 26.74
-15.63 -21.13 83.88
-14.36 -19.19 76.95
-6.57 4.38 15.05
-2.81 -4.55 16.35
-9.99 8.84 19.71
-9.31 -18.68 60.61
-7.80 -32.26 77.06
-14.34 -20.04 80.10
-14.44 -19.80 80.14
-14.30 -19.90 80.14
-10.12 7.91 21.80
-6.25 3.71 15.37
-17.79 20.33 28.27
-12.96 -18.24 74.10
-13.81 -20.24 80.14
2.28 -17.52 20.68
-8.73 7.12 18.67
-13.64 -19.85 80.27
-12.00 -15.87 68.05
-4.48 -12.88 36.86
-6.29 4.09 15.25
9.48 -21.39 2.17
-4.86 2.73 12.52
-6.88 0.01 24.14
6.40 -22.47 15.06
-11.77 13.49 18.99
2.80 -13.76 13.24
-14.86 12.34 32.14
-17.41 -25.53 105.67
2.74 -17.67 20.50
-16.94 -21.76 99.45
-6.06 3.76 15.43
6.60 -22.29 14.87
0.83 -15.36 23.87
-0.92 -0.85 4.84
-6.13 -3.51 28.54
5.82 -19.04 12.30
-8.62 7.28 18.77
6.82 -18.85 8.30
12.51 -34.38 15.15
-6.01 -3.79 29.15
10.63 -19.17 -5.06
-6.58 5.50 14.68
-5.71 4.19 13.79
-5.66 3.04 15.74
-6.68 5.78 14.53
-0.90 0.22 2.96
6.49 -20.84 13.75
-6.08 4.18 15.32
-5.17 1.08 17.73
-5.93 3.82 15.47
-15.98 -29.93 116.77
-10.03 -13.65 64.10
-6.87 -16.04 56.36
-6.22 4.70 15.11
4.48 -14.65 10.37
-8.86 0.36 33.55
1.61 -15.33 22.77
-12.38 -17.29 81.06
-5.40 2.64 15.90
-5.08 0.83 18.19
11.42 -31.20 15.35
-9.17 9.08 18.43
12.93 -29.87 7.04
5.31 -16.52 11.10
1.74 -15.04 22.36
-13.59 -13.97 80.58
-5.75 3.65 15.58
4.79 -36.40 52.05
-6.18 4.79 15.09
4.51 -15.64 12.63
4.70 -17.30 15.20
5.28 -19.97 18.15
0.49 -7.75 13.30
-11.01 -17.89 78.95
4.23 -18.77 20.34
4.79 -19.23 19.07
-1.57 -42.87 92.43
-8.84 -20.52 76.92
-10.63 2.03 39.03
0.85 -14.81 26.65
-1.30 -0.22 5.75
-10.49 -23.34 90.45
-6.38 5.58 14.74
4.56 -17.27 16.48
-0.55 -12.66 28.07
5.27 -18.87 17.09
-9.49 9.04 20.58
4.74 -17.10 15.70
1.01 -48.01 95.06
-6.34 5.55 14.77
-5.88 4.35 15.34
-2.76 1.87 7.60
9.10 -23.34 10.84
-5.89 4.85 14.41
-5.74 4.09 15.47
-6.35 5.65 14.72
-6.14 5.14 15.00
-8.03 7.18 18.72
-7.49 -3.44 39.45
14.30 -35.56 15.64
4.66 -15.04 12.66
-5.85 4.52 15.31
-4.86 1.30 18.01
5.14 -18.29 17.60
-5.07 2.71 15.89
-4.95 2.41 16.08
-5.46 3.59 15.69
-8.71 -7.31 53.50
-4.95 2.41 16.08
-5.28 3.20 15.84
-1.61 -0.40 7.83
-6.02 5.00 15.09
-5.82 4.57 15.31
5.38 -18.28 17.10
2.00 -35.79 70.96
1.35 -10.36 17.52
4.84 -16.68 16.42
1.80 -15.30 26.90
4.97 -14.78 11.71
-0.92 -5.23 16.36
-9.81 10.52 19.95
-1.91 0.00 8.69
1.89 -38.54 81.64
-8.47 9.18 17.13
-14.59 -19.01 111.76
5.50 -17.98 17.23
5.46 -17.87 17.06
-9.05 9.81 18.36
-10.39 11.74 19.99
1.53 -14.56 27.89
5.76 -19.57 20.33
2.05 -34.47 73.71
-4.95 2.99 15.98
-13.40 7.37 45.18
4.75 -14.89 14.02
5.74 -16.20 12.58
2.72 -34.59 72.42
-1.30 1.13 3.39
-1.47 -2.88 14.24
-1.89 -0.18 9.51
-1.61 -3.16 15.60
-1.45 -3.79 16.41
-9.23 10.21 18.80
3.64 -40.75 84.63
2.19 -13.08 22.25
3.94 -32.52 62.65
3.00 -8.04 5.70
-24.06 21.14 63.14
-5.51 4.53 15.43
-33.46 28.68 90.77
-4.94 4.10 13.78
-5.80 -4.34 39.85
5.34 -14.04 10.10
7.56 -19.38 12.95
3.59 -11.98 13.36
-3.16 1.83 10.91
-2.67 1.98 8.15
6.69 -18.88 16.10
-5.40 4.36 15.52
-5.72 5.14 15.16
8.41 -21.36 14.40
9.50 -24.12 16.26
-3.71 -1.23 21.95
14.96 -35.25 18.43
-4.60 2.71 16.14
8.19 -20.59 13.79
-4.30 1.92 16.86
1.29 -9.40 18.96
-14.65 17.90 26.80
-10.27 12.15 19.93
-9.77 11.56 18.89
-0.05 -5.64 15.83
1.57 -11.14 22.66
-12.30 -9.82 91.15
9.31 -22.58 14.10
-12.21 16.75 17.46
-15.26 19.05 27.01
-4.81 1.44 21.42
3.46 -12.46 16.80
-8.17 -2.67 51.39
-1.59 -0.38 9.56
8.93 -22.20 15.66
-4.56 2.93 16.11
-7.34 6.89 19.67
-4.42 2.63 16.20
-10.19 -13.43 93.70
-18.63 7.34 79.72
-1.18 0.88 3.83
-4.95 2.38 19.96
8.76 -21.35 14.59
-9.93 -11.80 89.28
-14.41 18.51 24.47
-14.62 18.77 24.98
-4.73 2.20 19.62
-1.57 -0.29 9.57
-9.15 -7.17 71.76
-2.49 -7.79 36.90
-1.45 -8.57 33.39
-8.80 -10.87 81.00
-3.63 1.71 14.97
-5.40 2.63 22.10
2.03 -11.27 22.56
-5.30 4.69 15.46
-2.93 -7.18 38.12
-1.61 -9.12 36.86
14.16 -31.08 14.99
-4.09 -4.77 37.98
-0.43 0.13 2.05
-0.19 -4.82 16.09
-4.56 1.63 21.15
-1.43 -0.44 9.58
-0.03 -5.08 16.01
0.18 -5.36 15.92
2.27 -11.04 21.75
6.38 -16.80 15.90
-5.44 5.18 15.25
-9.60 -8.92 84.69
-4.19 2.88 15.38
-0.57 0.20 2.73
-0.13 -4.71 16.12
-0.34 -4.28 16.03
25.03 -50.63 15.24
-0.16 -8.52 28.76
1.06 -8.98 23.20
-12.93 13.20 34.46
-9.54 -11.25 95.27
0.01 -4.83 16.09
13.56 -29.62 16.46
7.52 -32.58 63.42
7.18 -15.68 8.67
-3.89 1.27 19.78
-1.66 0.20 9.56
26.19 -59.37 39.76
-0.52 -1.34 7.77
0.02 -4.74 16.12
2.24 -13.53 32.31
-2.40 2.30 7.06
10.41 -22.12 10.99
-9.36 -11.77 98.26
-1.87 1.33 7.14
11.39 -24.65 13.66
-6.49 -13.07 85.36
-0.68 0.24 3.42
-0.09 -4.52 16.18
0.39 -5.29 15.94
-7.17 6.26 23.44
33.66 -69.01 27.34
-4.70 3.96 15.85
0.04 -4.71 16.12
2.14 -13.20 32.45
15.47 -35.24 25.19
-4.78 4.17 15.77
8.76 -17.81 6.87
4.36 -12.39 15.87
1.88 -12.61 32.70
-0.90 1.18 1.62
-1.24 -0.43 9.61
4.90 -10.32 5.31
0.57 -5.41 15.89
1.91 -12.49 32.75
2.92 -13.49 29.87
2.06 -12.70 32.66
-0.20 -4.12 16.29
4.76 -13.29 17.00
-0.62 0.29 3.02
-1.96 1.60 7.06
-0.28 -0.52 3.75
-1.29 -0.28 9.61
27.64 -66.08 60.10
-1.99 1.75 6.80
2.10 -7.96 15.55
2.91 -17.05 43.92
29.97 -60.11 23.00
-1.15 -0.49 9.62
-6.59 -6.71 69.57
-15.25 19.38 30.34
1.54 -2.53 -0.91
0.03 -4.29 16.24
-1.84 1.64 6.34
-12.51 -16.60 149.77
0.86 -5.63 15.81
1.38 -5.89 13.29
-12.81 12.20 41.48
0.14 -4.40 16.21
-11.58 -9.89 118.93
2.69 -13.10 32.45
2.76 -13.20 32.40
0.01 -4.15 16.28
-2.34 -2.20 25.09
0.33 -4.65 16.14
2.93 -13.34 32.33
-1.22 -0.25 9.62
19.28 -39.70 21.52
-3.98 -2.04 36.43
2.97 -13.39 32.31
-1.18 -0.29 9.62
19.39 -43.15 34.75
-22.78 26.39 57.10
-12.80 17.88 19.52
-1.18 -0.28 9.62
3.04 -13.37 32.31
0.45 -4.78 16.10
24.11 -57.35 59.24
-2.06 1.82 7.51
-6.34 -7.29 76.49
12.19 -34.23 52.08
-14.30 16.63 35.93
-0.41 -3.28 16.68
-1.69 1.48 6.31
22.75 -51.82 47.99
0.61 -4.93 16.15
-18.31 19.02 55.10
0.17 -4.15 16.28
0.64 -4.90 16.06
0.18 -4.15 16.28
11.86 -23.57 11.04
-12.20 17.16 18.76
-10.92 -9.80 123.03
18.37 -40.68 35.13
1.52 -5.92 13.92
-1.19 -0.14 9.63
15.04 -30.43 17.07
1.03 -5.49 15.85
13.80 -28.30 17.45
-1.10 -0.26 9.63
8.75 -24.83 41.33
-1.15 -0.16 9.63
-11.61 16.45 17.38
0.60 -4.70 16.12
1.19 -5.65 15.78
0.07 -3.81 16.36
3.42 -13.22 32.33
5.03 -12.07 14.73
13.83 -27.38 14.43
-4.35 4.11 15.91
2.35 -9.30 23.63
-0.02 -3.55 16.42
1.41 -5.88 15.67
0.62 -4.59 16.15
14.59 -29.26 17.31
5.39 -15.12 26.40
0.01 -3.55 16.42
0.68 -4.64 16.13
1.96 -7.75 20.28
-1.24 0.11 9.62
4.64 -14.27 28.94
2.50 -8.77 20.68
-6.28 8.36 12.24
-4.50 6.15 8.06
1.42 -5.79 15.71
-12.13 17.20 18.62
8.51 -16.85 9.66
-4.17 2.84 21.00
0.81 -4.73 16.10
0.64 -4.44 16.19
-11.22 12.86 32.38
0.37 -3.99 16.32
0.25 -3.77 16.37
9.62 -18.48 8.76
3.82 -13.23 32.29
1.08 -5.13 15.96
-0.13 -3.15 16.50
0.13 -3.55 16.42
-16.57 16.06 61.73
-4.09 3.85 16.04
2.02 -6.23 13.61
0.69 -4.44 16.19
1.51 -5.77 15.71
4.95 -14.54 29.77
0.72 -4.49 16.17
0.38 -3.93 16.33
-0.51 0.16 3.56
-0.86 -0.44 9.65
-0.10 -3.12 16.51
-4.96 6.06 12.79
0.71 -4.41 16.20
-1.22 1.26 4.36
-1.14 0.11 9.63
1.33 -5.36 15.87
0.77 -4.45 16.18
4.34 -13.76 32.55
1.35 -5.36 15.87
0.95 -4.70 16.10
1.24 -5.18 15.93
11.11 -21.43 11.88
0.43 -3.87 16.34
2.79 -8.35 18.62
0.38 -3.76 16.37
-0.47 0.29 2.75
2.46 -8.26 21.33
1.61 -5.72 15.72
0.32 -3.65 16.40
1.29 -5.20 15.92
0.80 -4.42 16.19
1.05 -4.80 16.07
9.82 -23.35 35.12
1.50 -5.49 15.81
17.15 -32.39 15.78
9.54 -22.58 33.86
0.78 -4.31 16.22
-0.65 0.59 2.87
0.79 -4.33 16.21
1.29 -5.09 15.96
-0.66 0.62 2.86
-0.86 -0.24 9.66
15.89 -29.88 15.21
-0.57 0.37 3.43
0.23 -3.31 16.47
17.46 -32.16 12.89
-0.56 0.31 3.64
1.40 -5.20 15.91
1.04 -4.60 16.12
-0.23 -0.69 6.16
-1.61 1.48 7.28
-1.82 1.77 7.69
6.43 -16.42 31.04
0.83 -4.21 16.24
2.33 -6.74 15.87
0.72 -4.06 16.29
2.07 -5.81 13.23
0.85 -4.24 16.24
26.20 -48.45 22.25
9.52 -19.17 17.58
1.61 -5.43 15.82
1.52 -5.28 15.88
41.80 -75.41 24.72
1.64 -5.45 15.81
1.65 -5.44 15.81
-6.94 -4.05 95.66
0.85 -4.15 16.26
-1.41 1.50 5.42
0.76 -3.99 16.30
1.02 -4.40 16.18
0.83 -4.09 16.27
1.05 -4.39 16.18
0.86 -4.09 16.27
-1.81 1.63 8.97
1.03 -4.34 16.20
-1.51 1.36 7.53
1.56 -5.18 15.90
1.11 -4.44 16.17
1.07 -4.36 16.19
1.72 -5.40 15.82
4.74 -10.54 16.20
-0.53 -0.60 9.67
0.75 -3.73 16.36
0.37 -2.64 13.44
1.85 -4.93 12.00
1.90 -5.04 12.27
6.88 -16.05 29.64
16.88 -29.36 6.58
-0.85 -0.01 9.66
0.84 -3.83 16.34
1.33 -4.61 16.10
4.66 -10.17 15.97
-1.48 1.45 7.21
2.53 -6.10 12.91
1.66 -5.07 15.93
1.74 -4.16 8.70
-0.95 0.74 6.08
-0.38 0.11 3.78
1.37 -4.54 16.12
1.15 -4.16 16.24
25.23 -47.05 36.01
1.80 -5.17 15.88
5.34 -11.66 20.29
1.60 -4.66 14.80
0.83 -3.57 16.40
-0.84 0.11 9.66
-1.44 1.26 8.69
1.97 -5.37 15.80
-1.29 0.88 9.67
2.18 -5.23 12.26
2.00 -5.21 14.46
1.92 -5.24 15.85
2.17 -5.11 11.75
-14.54 19.95 33.36
2.01 -5.12 14.17
0.89 -3.53 16.40
0.84 -3.45 16.42
-8.51 0.62 110.87
-7.95 0.58 103.59
17.58 -39.29 82.33
-5.39 0.17 73.40
1.04 -3.69 16.36
4.52 -9.61 17.53
1.39 -4.24 16.20
-0.40 -0.51 9.68
4.92 -10.04 15.85
1.38 -4.21 16.20
1.34 -4.14 16.23
-0.40 -0.13 6.89
0.25 -1.82 12.16
-0.38 -0.47 9.68
-1.11 1.09 6.62
1.56 -4.39 16.14
1.60 -4.44 16.12
1.60 -4.44 16.12
2.28 -5.51 15.71
1.30 -3.94 16.28
1.33 -3.96 16.27
2.21 -5.36 15.77
1.16 -3.69 16.35
10.52 -18.82 14.71
-12.35 18.18 20.42
13.39 -23.19 11.14
1.91 -4.80 15.99
17.31 -30.23 17.98
1.57 -4.23 16.18
3.87 -8.77 23.74
13.09 -22.57 10.70
5.60 -11.84 27.10
-6.46 6.83 37.44
17.60 -30.61 18.15
2.85 -6.22 16.11
-0.34 0.21 3.58
15.63 -26.64 11.61
9.17 -20.68 60.19
1.89 -3.80 8.05
2.26 -5.10 15.85
-18.02 22.57 76.85
15.00 -25.47 12.00
9.83 -18.88 33.28
1.18 -3.32 16.43
1.97 -4.56 16.05
5.99 -11.04 15.56
-1.31 1.85 3.30
14.51 -24.44 10.80
4.32 -8.19 14.26
17.92 -30.18 14.04
24.61 -41.78 23.54
7.45 -14.06 25.08
-6.22 7.05 37.44
13.64 -22.87 10.70
2.04 -4.50 16.06
2.49 -5.18 15.79
-1.17 1.36 7.08
-14.76 22.05 24.48
-1.31 1.55 7.95
-12.70 19.04 20.46
1.87 -4.11 16.18
-0.56 0.42 6.86
22.73 -37.83 17.83
2.48 -5.06 15.83
37.24 -63.72 56.43
-0.60 0.67 4.41
17.17 -28.46 13.56
34.87 -56.46 18.15
3.25 -6.29 16.44
3.41 -6.39 14.04
0.89 -2.94 23.30
-10.61 12.74 67.49
1.94 -4.14 16.17
3.28 -6.24 15.47
1.67 -3.70 16.30
-5.86 7.10 37.49
5.17 -9.64 23.25
1.97 -4.10 16.17
1.99 -4.09 16.17
1.25 -2.92 16.50
8.78 -15.91 34.62
1.70 -3.59 15.81
-0.51 0.42 7.17
6.79 -12.01 21.33
19.75 -32.48 18.79
22.62 -36.91 16.70
22.46 -36.66 17.46
-0.65 0.66 7.14
5.14 -9.23 20.99
2.09 -4.13 16.15
10.86 -18.65 28.44
-0.34 0.05 9.69
16.11 -27.02 28.43
22.53 -36.62 17.46
7.21 -12.38 19.50
28.69 -46.44 18.69
3.55 -6.39 16.34
3.86 -6.81 14.98
22.61 -36.60 17.38
-0.23 -0.15 11.00
-7.75 11.67 14.41
7.13 -12.20 21.59
27.07 -44.52 38.70
2.34 -3.80 2.47
-12.29 18.29 28.72
28.48 -45.75 20.90
-4.60 6.49 20.62
-4.95 6.46 34.97
3.10 -5.43 16.13
-0.09 -0.16 8.90
-2.10 3.04 8.10
22.91 -36.66 16.85
-0.43 0.54 4.14
7.01 -11.72 23.75
-5.40 7.30 37.52
-0.76 0.95 8.31
22.40 -35.71 18.16
13.08 -20.60 3.82
45.80 -73.58 64.60
1.89 -3.40 16.34
3.37 -5.70 15.76
23.62 -38.09 38.83
-1.18 -0.57 93.79
19.82 -31.84 32.15
17.65 -28.03 13.58
17.29 -27.46 13.11
5.95 -9.75 19.39
2.35 -4.05 16.13
-5.47 7.65 37.44
19.16 -30.31 14.27
-1.82 2.69 7.31
2.74 -4.64 15.91
21.50 -33.88 12.42
6.63 -10.78 19.56
23.81 -37.52 14.35
6.90 -11.17 20.69
23.12 -36.43 17.08
7.94 -12.76 20.84
16.25 -25.50 11.91
7.92 -12.67 18.78
4.31 -7.03 18.77
7.49 -11.93 18.56
10.99 -17.58 32.80
17.96 -28.19 13.10
17.96 -28.19 13.10
19.31 -30.19 14.33
-3.87 4.80 95.40
19.35 -30.26 14.15
1.79 -3.00 16.43
-5.14 7.48 37.52
19.34 -30.23 14.21
3.14 -5.04 14.86
18.05 -28.11 13.16
-10.20 15.65 18.23
19.39 -30.20 14.21
23.34 -36.35 16.93
12.41 -19.32 7.64
0.15 -0.31 12.40
11.84 -18.52 28.13
18.11 -28.10 13.10
19.47 -30.21 14.08
-0.57 0.87 4.17
19.51 -30.27 13.90
7.72 -12.03 21.60
14.64 -22.55 19.82
13.81 -21.27 17.83
0.18 -0.24 12.30
19.53 -30.08 14.27
7.73 -11.86 18.38
-4.08 6.29 37.86
23.48 -36.16 17.16
35.78 -54.88 56.95
23.58 -36.17 17.01
2.54 -3.81 16.17
-4.99 7.74 37.49
-4.93 7.70 37.50
-4.33 6.82 34.98
1.18 -1.68 21.30
3.94 -5.98 13.30
11.21 -17.06 27.19
7.99 -12.07 21.96
0.81 -0.34 100.50
25.20 -38.51 20.30
1.45 -2.12 12.85
21.72 -33.19 16.35
-0.78 2.33 108.07
2.59 -3.80 16.16
17.02 -25.61 39.93
4.59 -6.77 19.56
7.48 -11.17 21.43
21.06 -32.06 14.49
18.31 -27.88 13.27
3.86 -5.70 14.77
10.29 -15.55 14.31
17.95 -27.11 24.15
8.27 -12.27 22.10
23.48 -35.60 18.28
6.10 -9.08 13.41
0.03 0.02 4.00
0.87 0.46 93.79
7.71 -11.39 17.80
43.31 -65.18 32.41
18.21 -26.70 47.92
18.05 -26.66 38.78
18.05 -26.66 38.78
-2.62 4.31 14.34
-0.26 1.26 38.88
19.20 -28.90 14.73
1.88 -2.35 21.39
5.28 -7.54 20.20
5.14 -7.34 19.66
8.08 -11.84 18.75
2.01 -2.49 22.78
16.53 -24.78 11.97
3.70 -5.28 12.65
-10.76 17.28 33.62
0.90 1.37 93.79
15.87 -23.79 9.07
15.33 -23.07 6.29
8.02 -11.63 18.41
1.12 -0.22 54.69
1.13 -0.21 54.69
4.27 -5.95 17.42
4.62 -6.44 18.58
0.88 1.76 93.78
-0.88 1.86 15.46
16.40 -24.50 6.54
0.29 -0.28 4.08
7.23 -10.25 17.46
22.89 -33.94 12.13
8.09 -11.26 22.81
1.51 1.72 93.77
13.26 -19.01 21.77
0.75 0.23 31.99
0.63 3.05 93.75
36.11 -53.53 15.03
43.16 -62.10 60.59
5.38 -7.21 19.75
8.80 -12.34 20.26
4.03 -5.40 14.07
12.46 -18.41 6.63
0.57 3.29 86.84
10.24 -13.54 37.43
0.25 -0.29 1.66
1.72 2.19 93.76
1.55 2.70 93.75
-0.90 2.28 17.63
1.44 2.94 93.74
8.41 -11.62 17.46
1.74 2.38 93.75
1.71 2.40 93.75
1.57 2.68 93.75
1.59 2.67 93.75
8.29 -11.50 15.63
19.83 -28.21 24.50
13.99 -20.51 5.82
1.68 2.62 93.75
2.40 -2.72 15.58
1.74 2.77 93.74
1.73 2.78 93.74
1.79 2.74 93.74
1.70 2.80 93.74
1.81 2.73 93.74
31.08 -43.57 46.04
23.87 -33.96 27.16
1.64 3.02 93.74
1.57 3.24 93.73
26.87 -38.95 16.76
1.84 2.90 93.74
1.83 2.91 93.74
1.73 2.97 93.74
1.86 2.89 93.74
1.70 3.17 93.73
2.65 -3.01 15.18
1.88 3.07 93.73
9.79 -13.33 20.06
8.44 -12.01 7.97
-10.14 16.67 25.61
4.49 -5.67 15.72
2.08 2.94 93.73
0.99 4.10 86.20
9.21 -12.58 16.78
14.33 -19.43 28.17
1.98 3.20 93.72
2.05 3.16 93.72
-3.22 9.10 67.01
14.98 -20.32 28.94
15.47 -20.99 29.27
26.77 -37.80 27.17
10.80 -13.97 28.47
-0.74 4.72 53.49
2.46 3.07 93.72
13.97 -18.07 36.55
-32.43 56.85 126.81
1.45 4.97 98.86
13.92 -19.30 17.10
18.85 -24.65 43.34
2.75 2.81 93.72
36.47 -51.13 35.82
-3.75 6.42 12.09
2.96 -3.99 5.07
55.28 -77.21 55.71
5.72 -8.27 2.23
12.77 -18.37 5.33
24.28 -32.70 40.87
10.82 -12.76 38.85
3.00 -3.98 5.06
34.57 -47.76 34.87
3.34 1.32 76.12
15.77 -21.71 17.43
0.27 1.98 30.03
19.33 -24.13 48.72
0.38 1.96 30.03
16.01 -22.53 10.61
36.13 -50.28 28.35
18.92 -26.53 12.77
2.17 -2.70 5.38
13.85 -17.67 29.16
15.03 -20.53 16.08
10.15 -12.76 23.37
16.58 -22.90 14.78
8.13 -9.93 21.45
16.86 -22.29 23.79
9.51 -11.83 21.36
4.67 -5.74 11.05
3.78 3.39 93.66
7.60 -9.42 17.16
15.85 -21.74 13.94
2.92 -4.13 1.20
20.29 -28.33 12.14
15.80 -21.19 18.03
1.57 1.54 39.34
7.62 -9.37 17.06
-0.25 0.79 4.32
15.09 -20.24 16.39
2.42 5.05 84.31
10.24 -13.10 16.75
1.55 4.60 67.73
-0.93 1.57 2.13
20.01 -27.75 11.51
15.78 -20.94 17.82
14.42 -18.79 18.90
16.01 -21.17 18.24
3.57 -0.75 40.84
24.73 -34.17 13.54
13.02 -16.79 17.77
3.70 -0.81 40.82
-0.56 1.21 3.66
14.59 -18.54 21.02
10.59 -14.68 4.28
11.11 -15.07 7.30
24.56 -33.55 14.40
10.17 -11.86 22.99
3.36 3.89 73.52
9.14 -11.25 15.60
19.46 -24.73 24.85
10.55 -12.22 22.88
-20.08 32.77 34.73
8.58 -10.12 17.17
17.10 -21.65 21.86
4.23 5.25 89.65
23.13 -31.48 11.42
-0.19 2.43 17.13
9.92 -12.70 11.16
-2.87 9.93 46.26
13.78 -17.14 19.05
19.45 -24.36 25.06
-0.80 3.91 20.92
-0.39 2.93 17.86
36.89 -49.68 20.23
14.34 -18.22 16.05
12.91 -12.82 40.50
-0.64 3.95 22.45
4.31 -0.65 40.16
-11.71 21.75 37.61
13.30 -15.41 24.69
9.70 -10.78 21.10
3.93 0.07 40.11
24.69 -32.89 14.48
-0.34 2.88 17.16
-0.63 1.68 5.73
1.30 0.71 18.04
4.58 -4.12 16.38
14.67 -17.42 22.77
4.50 -0.61 39.84
23.24 -30.73 13.72
16.59 -19.57 26.38
11.73 -14.90 10.95
19.16 -22.91 27.95
15.41 -18.49 22.13
-0.45 3.57 19.98
27.43 -32.57 40.55
-0.40 1.00 3.01
-0.41 2.90 15.63
15.92 -18.91 23.05
16.19 -18.76 26.66
-3.39 9.92 35.38
-0.75 2.39 8.85
-0.42 1.11 3.40
-0.07 2.86 17.67
11.65 -13.93 14.92
13.27 -15.21 20.83
22.73 -30.05 10.45
11.47 -14.26 10.70
17.77 -20.29 28.03
-0.60 1.53 4.30
7.39 -8.81 9.15
-0.54 1.87 6.93
1.80 0.55 18.91
18.02 -20.44 28.32
15.85 -19.23 16.88
2.16 5.80 53.44
30.33 -36.66 32.46
18.94 -24.68 9.39
12.66 -14.21 19.57
21.50 -24.04 33.63
-9.35 19.01 35.68
3.03 8.02 70.88
11.31 -14.11 8.55
57.03 -70.17 48.48
15.07 -17.78 16.75
13.93 -15.85 18.41
9.63 -9.83 18.80
-1.56 6.26 22.80
3.33 -3.76 4.43
23.37 -30.23 10.02
45.58 -58.76 20.34
-4.71 13.24 37.98
2.14 1.45 24.56
6.23 6.72 83.00
15.33 -18.66 12.52
18.11 -19.09 30.92
-3.59 12.76 43.63
2.02 3.70 34.85
9.17 -10.37 11.66
16.29 -20.93 7.26
8.92 -10.86 7.01
13.38 -14.97 17.15
15.03 -17.11 17.79
10.99 -11.42 18.69
13.89 -15.42 18.49
45.63 -53.99 43.49
10.05 -11.56 11.25
-3.47 12.95 43.58
5.95 -4.02 21.22
33.88 -36.71 48.75
8.13 -9.10 10.35
26.93 -33.74 14.70
-0.47 4.43 19.29
18.17 -26.34 -8.46
14.75 -16.91 15.72
-0.50 4.65 19.96
21.48 -27.00 10.28
2.01 -2.42 1.52
32.62 -37.93 30.90
4.41 2.92 43.08
3.38 3.31 38.01
16.58 -8.19 68.55
5.98 0.68 42.27
14.48 -16.25 15.81
26.70 -30.61 25.58
20.98 -10.23 84.74
16.10 -17.70 18.43
2.11 5.43 39.47
17.47 -8.26 71.12
22.52 -13.91 76.45
20.07 -21.37 25.57
3.14 4.49 40.53
9.91 -10.41 13.17
12.96 -15.34 9.23
22.65 -23.70 29.94
44.51 -51.38 37.22
-1.49 6.97 22.60
3.47 -3.67 4.40
2.94 -3.57 1.63
-5.71 12.70 22.90
15.26 -17.31 13.43
19.36 -23.99 7.80
-0.05 5.20 22.71
7.66 -5.79 19.35
1.74 6.49 39.33
12.01 -12.61 14.56
-1.30 6.95 22.83
24.63 -28.54 18.06
4.72 11.92 79.17
22.71 -25.22 21.37
22.73 -10.89 82.43
7.20 -8.37 4.96
2.77 -3.28 1.64
23.19 -25.48 22.04
-3.58 13.38 36.46
15.19 -16.34 15.39
26.84 -29.80 23.53
-3.45 13.05 35.52
27.79 -33.23 14.24
38.62 -44.43 27.08
24.28 -29.76 9.22
32.45 -14.85 114.57
11.59 -12.87 9.60
12.29 -3.09 53.21
22.06 -10.86 73.92
-0.99 2.28 3.99
-1.85 8.13 23.15
22.80 -11.87 73.01
12.36 -12.06 16.67
-0.72 2.72 7.17
30.98 -14.97 103.43
-0.88 3.29 8.65
10.69 -0.75 53.64
31.80 -12.72 116.36
-5.90 12.42 18.93
-3.40 13.56 36.41
25.30 -26.85 25.07
28.01 -29.21 29.19
-0.47 1.21 2.37
44.19 -44.19 52.63
4.68 -0.43 22.31
19.62 -21.64 15.14
26.55 -28.17 24.47
2.64 6.63 39.26
-12.10 25.83 38.98
24.34 -24.34 27.88
48.02 -48.87 51.82
26.67 -9.34 96.65
16.43 -23.73 -9.21
24.39 -8.40 88.21
28.36 -13.89 86.30
-7.48 14.43 17.93
33.67 -16.20 101.55
-7.54 17.27 27.94
-0.59 2.37 5.92
23.03 -33.76 -15.20
-0.64 2.04 4.41
25.83 -12.15 76.34
6.76 -7.83 3.10
23.79 -7.50 83.14
19.54 -27.59 -9.06
2.05 2.25 17.44
18.01 -17.57 19.45
-1.76 9.21 24.68
7.44 -3.47 21.38
10.23 4.83 63.50
-2.60 13.51 35.85
48.27 -47.76 47.90
24.25 -25.55 18.73
-2.13 13.76 38.46
2.80 -2.84 2.49
18.24 -15.14 27.75
3.30 -3.29 3.11
7.39 -3.55 19.98
22.70 -23.59 18.07
7.49 -3.35 21.16
37.54 -38.06 31.99
12.00 -10.69 15.31
21.81 -23.72 13.15
11.10 -8.80 17.74
20.17 -22.80 8.84
-3.50 12.36 26.45
27.99 -8.45 88.92
50.08 -51.68 37.62
15.63 -12.52 23.53
0.01 0.99 3.25
1.95 -1.96 1.60
28.19 -26.75 28.34
36.81 -42.79 10.97
12.18 -12.39 9.28
24.24 -27.59 8.95
-4.93 15.26 29.30
41.71 -30.75 69.01
-11.87 24.55 31.15
2.56 -2.50 2.21
2.71 3.60 21.94
1.37 4.89 20.69
42.00 -41.13 34.77
15.67 -22.05 -7.96
0.21 2.87 9.79
26.41 -29.54 9.73
34.57 -33.15 29.58
30.04 -29.62 23.10
3.43 -3.61 1.80
0.21 11.06 33.84
0.13 10.30 31.14
-28.59 90.14 162.48
-0.68 12.91 35.52
-0.68 12.97 35.50
-1.21 10.26 25.70
21.35 3.50 86.12
41.39 -39.00 33.50
-6.77 17.73 27.61
-6.74 17.37 26.51
16.69 6.54 78.27
9.53 -4.28 20.60
42.55 -39.26 34.51
-0.27 12.93 35.52
37.67 -34.64 30.75
16.45 -17.82 5.64
-6.21 16.79 26.04
1.23 -1.20 0.81
30.79 -29.01 22.68
1.76 10.85 36.17
1.31 11.35 36.03
-7.67 19.18 27.51
31.08 -28.38 24.89
0.60 9.47 28.04
40.12 -40.26 21.59
0.20 0.92 3.16
1.60 11.25 36.05
13.29 -12.44 9.43
33.76 -30.72 26.35
1.36 11.60 35.95
-6.77 16.33 22.23
22.33 -13.42 35.46
23.27 -24.70 8.15
-0.09 13.42 35.34
31.13 -27.06 26.27
11.63 -5.93 20.97
2.05 13.09 41.01
4.37 8.29 35.48
1.50 11.84 35.87
1.54 11.83 35.87
4.04 16.70 56.55
6.25 -2.27 13.33
24.58 -25.81 8.30
-12.50 22.64 20.50
-1.11 8.87 19.99
-0.45 1.85 3.40
0.34 0.93 3.46
1.22 12.43 35.68
-6.02 17.90 27.79
11.80 -11.88 5.09
6.66 0.45 21.17
9.76 -3.48 20.42
1.65 12.07 35.78
31.85 -27.59 24.82
9.55 -3.29 19.99
10.93 -3.83 22.72
-1.07 12.46 28.36
6.76 6.71 36.58
41.38 -7.59 102.07
1.17 12.81 35.54
5.67 10.66 43.25
-4.35 15.17 25.16
-6.52 17.06 23.55
16.28 -23.25 -10.61
22.43 -22.12 9.81
18.87 -15.89 15.06
0.30 9.56 24.93
28.61 -29.42 9.40
22.24 -22.55 7.31
22.95 -4.88 51.73
38.20 -8.40 85.04
-3.68 15.34 26.57
10.91 -10.72 4.33
24.14 -20.04 18.26
33.31 -8.18 71.28
6.23 10.87 43.12
39.16 -30.71 33.69
4.44 -3.81 3.06
4.23 11.95 39.73
27.53 -5.10 62.30
28.37 -5.21 63.89
30.46 -5.81 67.41
28.07 -5.25 62.37
-1.42 14.22 29.30
38.09 -7.47 83.63
31.60 -5.63 70.43
-0.56 2.66 4.67
48.48 -39.96 34.97
3.39 -3.14 1.64
6.00 12.82 45.45
19.51 -9.85 28.48
20.72 -10.42 30.23
26.07 -4.50 58.06
30.60 -26.04 20.03
33.76 -28.23 23.10
-3.60 16.51 28.35
22.07 -16.39 19.32
9.93 -1.79 21.44
-0.56 2.93 5.21
14.20 -13.06 6.64
-0.65 3.18 5.51
30.90 -25.74 19.96
-1.25 10.30 19.85
22.77 -10.67 33.01
11.88 -9.90 7.54
-1.95 16.38 31.55
32.89 -4.91 70.67
42.74 -4.72 95.24
22.57 -17.76 16.65
-3.46 16.58 28.09
-2.73 12.98 21.90
23.41 -18.75 16.01
7.99 -7.72 2.55
31.24 -6.18 62.23
40.59 -31.26 30.06
24.03 3.85 65.10
24.84 -23.33 8.81
14.31 -5.61 21.71
17.48 -15.85 7.30
-1.24 14.78 28.24
21.80 -9.25 30.86
63.84 -48.46 45.16
11.23 -3.98 17.53
28.20 -26.11 9.94
27.24 -26.12 7.61
53.10 -6.99 106.49
-1.64 19.49 36.94
2.77 -3.15 -0.28
15.85 -6.02 23.16
18.46 14.06 70.58
18.94 -7.19 27.68
46.74 -5.24 94.33
23.35 -21.25 8.52
48.38 -6.97 92.70
5.27 3.31 18.27
18.68 -16.53 7.34
31.35 3.74 76.22
48.50 -6.04 93.49
34.71 -27.51 20.00
40.80 -25.29 37.64
6.30 13.63 41.25
13.44 2.08 33.33
0.66 0.32 2.07
-0.05 29.40 59.76
7.25 13.98 43.75
20.61 13.39 71.39
19.36 9.28 59.97
51.31 -6.75 95.71
29.71 -21.75 19.58
16.67 10.86 56.18
5.01 10.89 31.71
57.27 -39.07 42.65
12.27 -10.56 4.86
12.60 5.27 36.53
19.17 11.75 62.80
12.80 -11.60 3.86
40.93 -0.36 84.29
19.44 11.91 63.32
30.34 -23.19 17.48
17.98 10.85 58.33
11.03 -0.64 21.31
-0.74 3.79 5.84
44.75 0.86 92.99
8.40 8.26 33.28
13.52 -2.55 22.53
53.29 0.19 108.30
14.93 -10.33 10.36
3.32 10.74 27.27
48.72 -33.49 34.00
20.78 11.05 62.94
14.95 -3.01 24.31
13.76 -2.75 22.36
12.77 -11.22 4.17
10.25 -1.99 16.71
31.72 -24.34 17.14
8.24 -5.66 5.68
73.84 41.10 226.02
41.51 0.22 82.89
15.23 -4.05 22.42
27.73 -20.52 15.94
0.66 6.34 13.25
7.43 11.62 36.69
1.17 4.99 11.62
15.39 -13.91 3.85
15.66 2.03 34.01
9.20 -11.44 -3.53
32.67 -3.43 56.67
40.15 -26.67 27.72
21.98 -11.30 21.26
17.85 10.85 54.43
26.07 -13.40 25.12
0.22 1.58 3.34
19.28 12.28 59.24
3.29 9.78 24.19
15.80 10.46 48.85
0.63 27.78 51.82
-3.02 18.03 27.11
19.80 -16.74 6.37
15.46 11.95 50.13
12.09 -0.38 21.65
50.38 -6.36 81.59
13.64 -20.29 -11.45
16.51 11.18 50.61
1.67 16.70 33.09
42.39 -1.85 74.69
2.82 10.32 23.70
2.30 -1.95 0.72
22.61 17.67 72.85
82.78 -48.18 64.36
19.09 13.42 58.63
10.60 1.34 21.71
28.08 22.65 91.12
30.80 -22.87 15.03
17.57 16.68 61.50
17.53 11.96 52.79
19.71 10.57 54.27
17.44 16.38 60.44
18.91 -4.05 26.62
44.68 1.56 82.69
15.51 -2.26 23.68
0.13 18.26 32.41
3.02 18.43 37.95
16.54 -2.38 25.15
27.19 -19.76 13.44
26.04 -18.10 14.32
12.68 -0.60 21.30
27.36 -16.76 18.82
12.99 12.59 45.00
17.31 11.68 50.67
56.85 -35.53 37.47
55.81 -30.43 44.34
0.11 20.47 35.75
20.29 -16.08 7.32
29.55 -27.65 3.33
-3.59 20.36 28.98
31.31 -19.26 20.72
18.02 -0.28 30.47
0.21 19.79 34.42
17.56 -0.28 29.70
61.12 -38.64 38.45
12.76 -10.18 4.37
12.22 0.41 21.69
0.37 16.35 28.78
75.16 -30.83 75.49
17.74 13.08 52.68
14.66 -1.44 22.51
20.46 -26.09 -9.88
36.41 -21.79 24.10
6.60 5.28 20.20
-3.70 18.69 25.46
30.05 -20.89 14.86
15.70 -1.48 23.74
58.59 -33.14 41.73
0.93 17.80 31.63
17.71 -11.63 9.93
-1.77 18.75 28.78
30.12 16.42 77.77
15.11 -1.03 23.32
-0.50 3.26 4.65
0.92 17.51 30.98
25.65 13.70 65.32
29.59 -23.79 8.91
1.56 10.83 21.02
22.09 14.73 60.20
50.09 1.22 83.06
1.15 18.25 32.05
7.52 14.27 36.06
10.21 -1.22 14.41
18.16 -3.14 23.93
2.14 17.20 31.67
16.88 -1.57 24.39
23.68 -12.01 18.04
19.18 -5.94 20.65
15.36 -1.51 21.79
1.84 3.56 8.72
14.43 -0.65 21.74
27.62 -21.43 8.59
20.06 13.03 52.73
29.91 17.48 75.32
14.97 -2.51 19.36
21.73 -16.55 7.01
38.83 -21.00 26.52
11.10 -1.76 14.44
6.21 9.21 24.50
10.01 23.25 53.07
39.44 -25.71 19.60
28.14 -19.93 11.34
-3.93 22.07 29.43
52.10 -32.55 27.48
30.64 -12.81 26.04
63.83 -42.08 29.65
56.29 -2.65 80.79
15.66 -0.55 22.72
12.84 8.08 32.09
-0.85 21.23 32.10
15.97 -1.54 21.22
23.57 -19.02 5.01
17.93 -1.57 23.88
15.49 0.73 23.79
25.74 -11.51 19.53
20.06 -24.86 -9.40
19.77 -2.46 24.78
17.39 -6.85 14.24
23.21 -9.85 17.86
18.33 -6.56 16.00
28.58 -32.76 -9.48
29.56 -12.24 23.16
25.09 -16.23 10.58
46.30 -20.04 34.29
26.90 -11.42 20.16
20.30 -5.63 19.64
15.15 6.81 31.37
19.46 -7.55 15.33
5.40 8.91 20.62
48.66 -34.58 14.77
19.98 -8.32 14.76
5.57 9.17 21.24
20.46 -3.17 22.67
51.22 -33.39 18.93
31.82 -12.66 23.62
0.43 20.63 30.83
16.31 -0.17 21.26
16.29 -0.17 21.15
6.10 18.33 34.57
32.51 -11.64 25.46
10.73 39.75 71.61
43.80 -16.90 32.15
26.17 41.88 95.26
32.18 -19.95 12.59
9.68 15.61 34.97
37.67 -13.49 28.12
15.40 16.12 42.28
-2.93 8.00 7.72
39.90 -14.76 29.02
-2.80 22.47 28.37
78.71 -47.11 31.23
20.25 -1.63 22.88
13.70 -1.10 15.48
11.72 -8.51 2.53
27.56 -10.03 20.01
50.90 -18.93 36.08
32.07 -10.42 24.86
28.65 -10.09 20.95
15.55 -0.24 18.67
73.25 -43.14 28.94
30.25 -8.33 25.13
64.28 -24.93 43.08
22.71 -4.09 21.74
6.16 -4.46 1.23
18.39 -0.26 21.77
0.61 21.96 31.25
88.00 -53.93 30.77
16.60 7.53 30.46
18.30 -24.20 -11.65
18.70 -0.20 21.51
18.58 0.23 21.61
33.79 38.74 90.87
43.78 -27.57 12.80
18.73 0.10 21.48
-7.30 19.83 18.83
18.77 0.13 21.44
18.77 0.13 21.44
-0.33 9.31 12.14
58.45 33.07 110.02
18.85 0.16 21.38
38.21 -20.83 14.90
18.61 0.58 21.57
65.80 -29.43 33.77
-0.02 0.07 0.07
1.15 23.42 32.16
20.46 -4.16 16.97
15.24 -11.40 1.60
18.60 0.94 21.57
-0.44 7.91 9.93
-5.31 24.16 25.88
22.85 -26.01 -9.47
88.52 9.62 106.87
-3.21 28.20 33.23
-2.86 25.10 29.58
11.49 14.61 31.18
23.83 -25.64 -7.95
19.13 0.63 21.11
-0.25 10.94 13.91
32.94 -19.72 9.29
-0.53 10.94 13.52
26.88 -7.66 18.29
22.92 -7.32 14.51
22.06 -5.01 16.50
26.75 -6.52 19.43
5.95 -3.89 1.16
7.59 20.18 33.45
23.56 -3.73 19.32
-0.26 9.35 11.60
1.72 109.57 140.77
51.75 -16.82 30.54
27.27 -28.84 -9.02
65.42 -30.37 26.97
27.29 -9.40 15.15
45.30 -23.99 14.60
28.63 -9.86 15.90
30.07 -10.30 16.69
15.01 -8.42 4.13
8.65 33.45 49.90
23.02 -5.91 14.80
43.95 -22.01 15.03
22.72 -7.43 12.55
26.94 -4.80 19.67
16.73 2.38 18.70
71.39 -36.53 22.54
-1.36 26.89 31.19
8.28 20.29 31.65
8.97 22.10 34.45
21.38 -6.17 11.83
7.97 19.62 30.46
8.14 18.19 28.89
24.92 -26.45 -9.26
-1.46 7.78 7.92
16.43 -8.99 3.74
64.18 -14.46 38.45
50.17 -24.58 14.45
14.36 -20.66 -11.84
8.97 19.59 30.20
2.31 8.75 11.96
-0.00 9.73 11.15
14.32 6.23 18.88
19.27 8.54 25.39
18.75 8.31 24.70
11.21 5.47 15.24
10.96 12.56 23.12
11.10 12.60 23.03
18.13 8.96 24.54
65.78 -13.26 37.35
7.85 23.32 32.42
0.38 9.83 11.32
17.00 3.74 17.53
-1.11 19.88 21.36
18.69 7.33 22.69
19.74 7.34 23.56
-1.26 23.20 24.83
62.75 -15.53 31.25
11.15 13.53 23.60
-1.40 26.80 28.58
62.46 -11.46 34.77
22.86 10.90 29.13
-1.75 8.08 7.55
22.50 2.88 19.93
23.18 2.93 20.38
9.83 4.36 11.98
-9.52 19.27 13.91
60.80 52.11 99.60
13.16 5.32 15.06
18.04 11.80 25.51
-1.16 12.79 12.89
46.67 16.90 51.04
33.58 -26.33 -4.41
7.66 25.88 33.09
22.78 -24.25 -9.86
16.57 -18.66 -8.30
22.69 -24.07 -9.80
24.12 5.83 22.66
17.62 -5.19 6.54
27.23 -8.17 9.90
86.82 -16.25 41.75
68.48 6.35 52.96
16.44 14.65 26.43
41.45 29.90 58.79
19.97 10.58 24.32
-1.13 11.36 11.07
102.60 -26.92 39.24
34.69 -26.33 -4.65
31.58 -23.71 -4.08
56.60 34.42 71.54
21.66 11.91 26.04
39.76 27.84 53.72
6.22 19.26 23.61
26.23 15.89 32.66
35.86 34.26 57.46
32.47 24.55 44.89
22.02 -27.68 -14.43
29.87 21.07 38.65
61.98 33.37 69.90
69.73 -24.42 16.92
23.38 5.01 18.61
22.81 14.59 27.65
22.94 -16.91 -3.40
19.85 14.21 25.36
59.32 -9.61 24.52
19.83 14.19 25.25
24.53 16.11 29.76
40.47 -29.19 -5.51
74.36 43.11 83.88
86.09 51.93 99.14
68.16 41.12 78.22
55.00 46.15 75.66
82.14 49.74 94.03
73.57 45.26 84.88
89.67 55.16 103.45
78.39 48.04 90.35
8.87 19.56 23.85
9.18 20.23 24.67
28.78 21.45 36.65
91.52 57.86 106.40
82.54 53.40 97.28
31.71 24.42 40.73
36.23 13.12 32.33
77.44 -14.07 27.87
83.84 49.78 92.21
71.38 55.17 90.53
50.95 79.66 102.83
21.20 4.70 15.54
35.12 20.93 38.12
58.04 65.14 90.35
25.45 5.55 17.71
24.63 5.87 17.53
-1.09 28.27 26.11
-1.09 28.32 26.06
-0.99 28.32 26.06
3.13 10.62 11.27
87.55 20.37 60.40
20.19 -12.96 -2.31
40.06 59.84 73.79
39.92 60.08 73.66
40.36 -9.76 9.97
15.54 5.97 12.64
1.01 36.13 33.23
88.20 33.86 71.19
32.21 -28.00 -10.72
-1.86 14.15 11.93
5.93 -3.98 -0.93
16.63 3.38 10.40
22.02 46.80 50.66
17.67 -12.56 -3.74
49.44 95.79 103.73
22.21 47.20 50.20
49.86 95.78 103.54
49.69 95.86 103.54
49.10 96.37 103.36
49.27 96.28 103.36
49.27 96.28 103.36
49.27 96.28 103.36
49.27 96.28 103.36
49.27 96.28 103.36
49.27 96.28 103.36
48.85 96.70 103.17
49.01 96.61 103.17
23.63 18.93 25.68
22.44 47.48 49.84
20.39 21.79 26.78
57.16 -8.95 13.89
15.93 12.09 16.31
42.97 -7.50 9.75
-7.25 18.59 13.16
12.08 77.11 69.79
30.11 -20.23 -6.20
26.40 -15.80 -3.83
5.26 30.16 27.27
24.15 4.96 12.40
63.82 -48.61 -18.82
11.79 20.34 20.66
23.97 5.10 11.80
6.70 11.37 11.35
-3.02 71.94 57.27
-4.15 18.44 13.63
-3.63 16.81 12.40
41.17 62.20 61.70
1.86 46.36 37.57
9.42 -5.28 -1.50
61.07 -0.32 17.40
44.41 -37.53 -17.44
5.58 13.41 12.10
17.48 -10.18 -3.31
16.52 -9.65 -3.24
-4.71 25.39 18.90
2.62 16.18 13.13
7.29 12.37 11.34
51.88 -45.25 -22.10
13.36 112.06 89.12
34.63 -22.23 -8.90
12.43 -7.35 -2.75
7.40 75.44 58.58
-1.93 9.34 6.60
28.95 -42.92 -25.93
22.74 -13.99 -5.72
35.86 68.01 56.48
13.23 -8.10 -3.50
-1.84 9.91 6.88
26.12 28.11 25.01
38.68 -33.86 -17.80
-4.35 17.84 12.11
27.88 -27.78 -15.50
-5.54 18.11 11.97
19.48 -19.34 -10.81
62.69 32.91 31.52
11.83 -7.25 -3.48
10.30 22.71 17.21
30.80 -16.58 -7.63
12.46 -6.41 -2.85
0.79 20.44 14.54
0.23 43.24 29.94
3.57 14.98 10.78
18.55 13.53 11.55
57.55 -31.90 -15.07
0.01 0.08 0.06
45.78 -30.07 -15.40
21.97 -11.98 -5.87
21.17 -11.26 -5.49
-3.77 17.76 11.52
20.54 13.85 10.98
21.59 12.52 10.03
62.94 -39.02 -21.09
-5.94 19.20 12.17
53.40 -47.08 -27.18
20.50 11.98 9.02
42.23 48.93 33.50
0.13 25.53 16.32
36.70 -22.14 -12.70
78.85 -34.61 -19.09
19.11 -24.55 -14.91
9.19 21.25 13.10
0.34 48.17 30.10
-2.75 21.49 13.07
30.40 -21.21 -13.05
2.44 -1.49 -0.92
12.93 63.56 38.05
37.81 -21.92 -13.70
-0.97 5.16 3.11
6.10 11.32 6.70
33.71 34.31 20.02
44.27 76.68 41.29
2.66 49.07 28.49
23.64 15.59 7.53
5.31 55.15 31.22
25.20 -12.29 -8.52
22.99 14.76 7.01
33.75 -19.41 -13.18
25.48 -12.15 -8.58
18.81 12.50 5.72
21.64 23.87 11.47
21.77 25.49 12.27
37.84 66.61 33.47
11.48 21.77 10.86
23.19 22.55 10.14
26.96 -14.51 -10.60
15.54 13.60 5.61
32.65 -13.33 -10.85
29.36 -19.28 -13.69
25.32 20.80 8.29
25.04 22.62 9.29
22.08 -10.20 -8.00
27.03 27.69 11.61
42.17 -24.44 -18.13
28.13 -13.54 -10.69
42.64 -19.25 -15.56
-4.57 22.48 12.45
22.41 -9.88 -8.10
31.33 -23.78 -16.62
-4.73 17.07 9.50
54.68 -16.82 -16.73
30.97 -17.95 -13.89
40.02 -21.91 -17.33
-13.44 41.61 23.84
16.42 -21.02 -13.30
17.03 -21.79 -13.79
56.41 -8.83 -13.60
45.09 -35.61 -25.34
8.32 21.46 9.49
-6.31 25.32 13.76
-7.30 33.74 18.36
6.96 -4.36 -3.43
11.84 50.07 22.37
-7.65 33.67 18.36
-5.02 34.87 17.87
33.88 -20.93 -16.74
35.21 -26.53 -19.72
30.35 51.52 18.85
30.44 -12.54 -12.18
38.13 -15.95 -15.37
14.29 -6.10 -5.84
41.96 -8.61 -12.77
6.03 28.36 12.31
0.36 51.99 25.25
16.16 -6.93 -6.65
31.15 -12.90 -12.61
-2.10 10.69 5.50
58.17 -3.05 -13.98
45.47 -18.37 -18.73
26.74 -11.02 -11.16
42.51 -15.56 -16.84
37.58 -23.03 -19.26
-5.90 22.81 11.90
-3.45 51.97 25.07
-9.95 39.34 20.59
25.29 -12.77 -12.08
-0.50 12.95 6.04
49.20 -3.01 -13.85
46.89 -24.72 -23.05
46.85 -24.70 -23.14
10.50 39.17 14.60
51.65 -57.96 -39.05
47.28 -23.88 -23.14
46.90 -24.62 -23.14
8.80 32.63 12.10
46.05 -4.68 -14.15
-3.11 52.29 24.43
46.82 -24.68 -23.23
40.93 -21.40 -20.18
38.07 -14.84 -16.59
-3.20 52.29 24.43
8.64 -4.93 -4.47
-1.22 12.88 6.09
3.54 96.45 40.57
10.01 -5.59 -5.23
49.16 -13.36 -19.66
33.91 -14.60 -15.90
-3.21 52.54 23.88
55.65 1.55 -15.54
26.23 -8.27 -11.22
31.54 -9.88 -13.49
7.69 -4.28 -4.07
32.30 -21.13 -18.49
58.33 -6.75 -20.22
31.43 -10.09 -13.60
31.41 -10.14 -13.60
41.25 -23.05 -21.94
31.31 -10.29 -13.72
54.30 -9.96 -20.53
49.97 -9.62 -19.23
11.03 -5.89 -5.83
48.20 -4.22 -16.75
49.20 -19.28 -23.42
41.04 -6.13 -15.51
42.22 -16.29 -20.05
29.39 -10.47 -13.76
28.64 -18.67 -16.82
45.69 -13.71 -20.45
30.75 -12.49 -15.19
52.54 -16.36 -24.16
35.25 -12.48 -16.81
-2.61 53.30 22.21
18.17 -7.71 -9.25
4.45 29.78 9.90
57.70 -14.39 -25.74
24.40 -8.02 -11.65
8.26 -4.36 -4.58
-2.52 53.49 21.75
37.32 -8.89 -16.84
84.39 24.20 -21.56
60.27 5.80 -19.79
9.52 -4.60 -5.23
39.42 -17.88 -21.21
52.70 -22.04 -27.74
33.09 -11.65 -16.58
36.23 -17.59 -20.08
29.93 -9.49 -14.77
9.66 -3.06 -4.77
39.49 -7.18 -17.54
8.92 -4.35 -4.97
60.04 -17.78 -29.46
71.73 -0.37 -28.26
39.69 -13.66 -20.47
-1.61 54.08 20.34
51.58 8.54 -17.70
24.76 -7.71 -12.76
35.65 -11.44 -18.59
51.92 2.99 -20.49
39.62 -20.45 -23.51
28.09 -14.62 -16.70
54.37 -4.28 -24.28
37.83 -12.00 -20.13
38.06 -15.22 -21.52
56.83 6.68 -22.54
0.63 0.24 -0.20
53.63 -19.62 -29.98
16.24 -21.24 -14.04
38.54 -10.98 -20.69
50.24 -30.66 -32.22
1.42 37.02 11.54
-5.75 53.80 20.34
-6.13 53.83 20.15
23.01 -8.47 -13.31
18.06 -8.12 -10.89
66.83 27.00 -23.14
59.08 -15.72 -32.64
46.24 -19.63 -28.19
-35.70 99.71 48.04
59.89 3.45 -28.23
48.81 -15.76 -28.55
66.21 29.62 -23.99
19.75 -7.82 -12.02
19.09 10.76 -6.28
61.02 12.42 -26.56
41.81 -17.66 -25.78
23.15 -9.07 -14.13
24.63 -10.81 -15.41
85.83 17.62 -37.74
55.20 12.54 -24.03
18.28 11.78 -5.79
0.60 0.28 -0.22
26.98 -7.99 -15.86
50.76 1.51 -25.21
46.57 -9.73 -26.37
20.16 8.35 -8.16
29.00 -20.15 -20.64
55.68 12.24 -26.10
67.77 19.18 -31.36
55.62 10.11 -27.57
15.08 -5.91 -9.73
18.88 10.25 -7.65
19.30 10.43 -7.85
57.98 -17.84 -36.31
21.88 -7.66 -14.04
65.99 -21.19 -42.31
54.70 8.86 -28.48
54.35 -28.53 -38.21
60.35 -18.45 -39.59
23.55 -3.77 -14.67
32.11 13.70 -15.76
69.12 -3.14 -41.74
25.01 -3.83 -15.75
25.26 -11.56 -17.63
43.29 0.23 -25.81
44.56 -2.02 -27.12
29.69 -4.76 -18.86
30.67 -22.77 -23.41
37.56 -35.27 -30.35
36.77 -16.22 -25.70
42.62 -11.82 -28.29
32.55 -22.04 -24.47
29.66 -4.75 -18.92
31.62 12.33 -16.41
61.44 13.73 -34.32
29.61 -4.64 -19.02
40.30 -13.33 -27.36
46.36 14.00 -25.21
15.90 11.64 -7.25
5.33 -2.50 -3.79
29.74 -5.30 -19.39
39.29 -2.82 -24.71
53.85 3.58 -32.30
29.53 -4.73 -19.13
47.54 -7.53 -30.90
37.31 -11.19 -25.39
26.18 -4.33 -17.16
16.94 -2.65 -11.05
37.71 -27.30 -29.09
49.53 2.51 -30.27
41.60 -10.91 -28.14
21.24 -2.38 -13.72
42.42 -3.56 -27.54
51.30 -8.58 -34.30
50.21 23.63 -27.43
56.78 -14.37 -39.06
42.68 36.07 -20.45
36.09 -2.71 -23.77
44.63 3.51 -28.19
22.41 -6.85 -15.87
36.65 -0.06 -23.80
25.44 -6.48 -17.77
29.88 1.36 -19.13
19.62 -16.11 -15.80
26.37 -2.17 -17.64
21.97 -15.91 -17.35
29.59 0.93 -19.23
40.77 38.15 -19.66
40.20 14.00 -24.28
51.81 -3.99 -35.45
52.14 12.04 -33.05
53.85 -11.25 -38.24
34.53 -2.35 -23.79
31.43 -1.87 -21.64
42.82 11.87 -27.02
26.96 -20.17 -21.78
29.00 7.72 -18.39
23.91 7.49 -15.00
31.14 -1.96 -21.52
-2.01 23.02 5.25
44.75 -9.02 -32.09
29.31 -1.59 -20.32
55.13 -0.48 -37.89
8.66 -9.65 -7.55
28.61 9.79 -18.02
22.74 26.07 -11.31
61.38 -13.83 -44.55
58.54 10.64 -38.93
27.70 -3.50 -19.92
30.45 -11.99 -23.17
44.40 -10.91 -32.85
50.11 -11.48 -36.94
67.79 -3.79 -48.61
29.19 4.78 -20.17
44.70 7.32 -31.02
46.91 -3.03 -34.15
28.60 6.34 -19.69
20.14 -3.19 -14.98
56.14 17.06 -38.54
25.18 -6.51 -19.32
18.78 3.75 -13.26
-0.53 5.36 1.12
90.63 -7.77 -68.55
-4.40 22.87 6.20
34.14 -21.33 -28.29
35.61 -9.74 -28.43
47.61 9.25 -35.50
48.61 18.66 -35.65
38.84 -9.68 -31.28
25.29 6.45 -19.03
13.90 -8.12 -11.70
41.22 -13.95 -33.63
61.55 -16.61 -49.81
24.95 6.45 -18.80
21.18 -14.28 -18.09
24.56 -2.45 -19.57
45.84 -43.50 -40.57
35.42 -7.98 -28.88
44.80 -4.39 -35.94
66.73 42.84 -48.97
23.67 -13.50 -20.16
0.50 0.33 -0.36
76.91 19.46 -60.22
20.05 -19.84 -17.90
27.58 2.17 -22.09
65.72 56.13 -48.90
4.46 -3.10 -3.92
32.92 -5.45 -27.60
45.76 -34.48 -40.57
56.74 -9.90 -48.50
19.16 -6.37 -16.70
7.49 21.88 -5.17
39.30 -4.55 -33.91
74.46 -2.99 -64.10
28.55 -6.85 -24.90
47.59 -7.71 -41.32
30.17 -7.92 -26.45
20.14 -16.37 -18.38
14.91 9.10 -12.88
3.58 13.47 -2.73
60.65 -10.58 -54.47
37.34 -5.78 -33.66
46.85 -7.25 -42.24
27.08 -7.05 -24.67
12.04 -3.86 -11.07
46.49 -6.12 -42.82
76.36 -3.33 -70.53
22.43 23.81 -20.68
25.46 -14.40 -23.94
26.20 -4.81 -24.66
34.75 -19.82 -32.75
31.51 -12.10 -29.76
26.75 -14.65 -25.41
4.10 14.60 -4.06
40.98 -5.54 -39.38
23.31 -13.79 -22.33
20.58 -11.98 -19.70
17.27 -2.83 -16.72
50.02 23.96 -49.59
32.69 -3.72 -32.00
22.73 -3.84 -22.19
33.09 -18.72 -32.01
31.21 -12.48 -30.37
19.54 -3.31 -19.21
26.99 -2.98 -26.87
46.18 -29.19 -45.19
21.70 -2.24 -21.89
32.62 1.08 -33.68
15.86 0.30 -16.37
14.35 -6.78 -14.50
19.77 1.87 -20.86
7.72 -2.18 -7.96
6.22 9.23 -7.28
20.80 -0.80 -22.02
45.09 3.39 -48.49
23.11 -1.49 -24.75
36.03 69.51 -45.39
14.89 -8.80 -15.46
33.68 -32.98 -33.62
5.12 -1.73 -5.48
6.46 13.08 -8.73
20.17 -1.27 -22.44
23.82 -14.54 -25.04
38.49 -2.62 -43.31
20.14 -0.56 -22.77
27.88 11.49 -33.14
30.46 -37.34 -29.88
32.83 50.36 -43.84
23.23 -13.96 -24.75
38.62 1.69 -44.31
43.63 8.56 -51.32
18.18 -1.62 -20.70
28.88 -8.55 -32.07
41.59 -7.56 -47.12
25.75 11.63 -31.48
13.38 1.88 -15.82
16.90 -16.09 -17.39
53.66 18.37 -65.71
50.64 -9.48 -58.03
46.57 21.80 -58.12
53.12 111.87 -80.12
26.41 42.93 -38.12
44.47 3.19 -53.32
20.99 3.70 -25.58
17.49 2.18 -21.24
34.68 -8.58 -39.96
5.38 22.25 -10.05
24.21 -12.71 -26.96
23.24 -12.15 -25.96
5.02 14.01 -8.42
21.68 3.86 -26.81
50.59 -46.68 -53.20
23.69 -9.19 -27.44
4.74 -5.65 -4.79
6.35 43.54 -15.93
15.79 -3.01 -18.89
35.52 -29.59 -38.25
32.18 -16.05 -36.72
15.11 -2.75 -18.18
12.01 66.75 -27.54
41.15 14.17 -53.93
14.11 -6.31 -16.35
27.42 -19.85 -30.26
33.64 8.89 -43.75
36.35 75.87 -60.45
15.85 -4.10 -19.03
45.12 -30.32 -50.51
13.45 2.42 -17.37
82.89 -30.99 -97.94
11.01 61.20 -26.27
9.54 67.90 -25.91
14.79 -3.39 -17.95
-8.60 22.30 6.23
6.99 67.60 -22.87
21.37 4.00 -27.93
12.57 -6.65 -14.63
10.38 57.68 -25.72
24.41 37.30 -39.71
43.44 17.82 -59.89
3.81 14.64 -8.18
37.07 13.64 -50.74
14.41 3.86 -19.44
41.47 -28.18 -47.25
17.49 -1.10 -22.35
18.55 -1.23 -23.80
17.54 -1.04 -22.57
4.01 15.40 -8.82
27.43 4.54 -36.77
19.55 18.55 -29.83
12.12 3.00 -16.51
32.78 19.54 -47.46
27.84 17.19 -40.55
17.13 17.13 -26.63
19.65 5.30 -27.11
18.56 4.97 -25.59
20.60 5.48 -28.39
21.41 -6.42 -26.54
18.74 4.99 -25.83
9.36 6.15 -13.83
9.16 5.84 -13.46
4.10 18.21 -9.84
12.92 -4.70 -15.87
15.03 9.72 -22.18
0.62 -0.18 -0.77
26.37 5.56 -36.16
8.29 4.86 -12.16
22.29 4.70 -30.67
-0.65 10.34 -1.71
20.04 5.18 -27.97
1.93 92.06 -25.71
29.67 -19.27 -34.77
16.89 -9.36 -20.28
22.85 -5.95 -29.26
-1.98 18.56 -2.23
21.17 -14.01 -24.95
20.72 -13.87 -24.42
18.87 5.63 -27.10
22.21 -5.78 -28.64
30.14 19.87 -46.54
0.92 15.04 -5.39
28.71 7.32 -41.39
10.63 -5.00 -13.24
30.91 12.55 -46.09
15.22 -14.29 -16.97
32.12 13.11 -48.10
15.03 6.47 -22.60
13.14 -2.41 -17.48
10.52 8.86 -17.17
11.19 8.37 -18.02
20.19 -3.12 -27.30
27.57 8.75 -41.15
6.61 99.50 -39.08
10.66 -1.52 -14.55
4.56 21.09 -12.81
11.74 -2.24 -15.91
12.83 -7.83 -15.79
23.54 -16.24 -28.40
14.54 -2.28 -19.96
34.36 14.52 -53.47
18.87 8.40 -29.61
22.74 5.21 -34.20
29.41 69.96 -64.36
26.02 11.10 -40.86
16.37 61.54 -43.11
16.37 61.54 -43.11
14.32 -10.79 -17.13
0.67 54.59 -18.69
12.95 -2.03 -18.04
13.15 -2.06 -18.39
14.66 -2.27 -20.49
17.47 -3.65 -24.12
40.12 18.37 -64.20
46.61 15.24 -72.71
21.33 2.43 -31.71
16.41 10.86 -27.48
22.00 -15.06 -26.94
22.15 -4.30 -30.83
16.09 10.81 -27.08
12.95 -1.75 -18.32
5.08 88.20 -37.32
18.52 10.61 -30.83
21.81 -5.64 -30.11
0.18 51.72 -18.42
2.63 57.93 -24.37
1.52 33.52 -14.11
34.52 3.08 -52.37
-0.10 54.48 -19.61
6.02 -1.03 -8.66
-2.51 65.22 -20.45
4.77 -1.16 -6.81
22.81 38.27 -48.96
15.97 11.65 -28.76
22.54 9.11 -37.87
14.27 -16.83 -15.39
8.91 3.39 -14.91
12.37 -0.78 -18.66
1.10 70.13 -28.48
-0.00 107.90 -41.20
-0.94 77.28 -28.28
57.22 16.95 -95.13
3.95 21.31 -14.73
4.03 21.94 -15.22
-3.73 85.50 -28.80
-4.74 61.66 -17.97
0.39 18.80 -8.41
0.08 14.89 -6.38
6.46 39.44 -26.76
-7.67 95.34 -28.15
-0.54 14.13 -5.29
6.04 13.38 -15.57
13.84 6.48 -25.23
-14.54 31.32 9.84
22.43 24.56 -47.15
-4.95 88.48 -31.04
30.38 25.04 -60.40
43.89 40.64 -89.68
12.98 14.26 -27.64
-1.20 86.02 -36.87
6.85 108.87 -60.22
5.26 18.86 -17.26
20.23 9.26 -37.61
-1.88 107.73 -46.63
11.30 -0.41 -18.52
-0.52 12.90 -5.14
29.49 19.45 -58.10
11.11 94.58 -63.03
7.90 4.05 -15.20
-0.74 12.86 -4.95
6.49 13.31 -17.47
29.68 14.99 -57.59
-0.68 10.46 -3.96
0.72 15.79 -9.02
0.88 20.22 -11.54
1.40 50.29 -27.43
-1.18 17.77 -6.91
21.54 11.36 -42.87
-6.34 90.71 -34.91
3.47 6.63 -9.38
12.07 63.27 -53.29
22.11 -17.90 -29.25
-4.26 84.11 -36.27
17.30 -3.49 -28.47
4.63 98.26 -59.57
5.66 14.75 -17.80
10.95 -1.93 -18.29
-4.24 93.43 -42.43
7.14 2.50 -13.99
-5.34 76.35 -31.86
-5.09 112.18 -51.65
13.11 -0.23 -23.26
-1.08 13.15 -5.25
2.71 129.48 -75.68
-6.85 55.02 -18.02
16.78 69.88 -68.67
34.97 -11.36 -56.84
4.56 18.31 -18.61
14.58 10.10 -32.13
2.60 70.88 -45.01
15.42 -0.05 -28.04
9.78 14.23 -25.99
13.76 12.04 -32.05
17.28 -13.55 -23.96
-6.72 96.04 -43.87
-3.98 95.00 -48.86
17.59 -0.34 -32.67
-2.79 72.66 -38.34
-4.42 105.46 -54.95
-7.03 63.72 -25.25
5.62 110.85 -77.72
-6.36 64.91 -27.55
8.56 58.65 -52.07
-14.63 26.28 11.49
-0.78 13.11 -6.61
11.80 31.22 -41.81
15.99 13.61 -39.01
-8.28 87.58 -39.17
15.13 12.65 -37.08
44.57 -56.03 -50.13
-7.12 71.32 -32.51
-4.61 48.76 -22.74
-6.22 54.56 -23.42
18.53 -4.24 -33.60
-0.14 81.22 -53.76
9.18 -0.32 -17.88
20.69 0.11 -40.97
16.81 11.08 -40.92
8.50 19.01 -29.74
-9.58 91.13 -42.73
3.45 -0.49 -6.53
16.57 1.45 -33.95
20.44 -16.03 -29.89
-10.60 66.15 -24.12
7.68 0.47 -15.72
9.43 0.86 -19.41
11.15 0.78 -22.81
22.38 1.76 -46.02
-16.18 35.35 8.05
5.25 -0.79 -9.98
8.71 0.72 -17.99
12.71 -2.20 -24.06
9.78 -1.69 -18.51
5.23 -0.48 -10.23
11.61 1.14 -24.24
6.58 0.68 -13.80
9.70 1.85 -20.99
1.59 22.21 -18.89
1.97 26.27 -22.90
6.96 0.19 -14.41
-3.90 74.50 -45.72
-6.26 91.83 -53.57
0.81 19.38 -15.77
0.54 102.33 -75.72
-1.18 10.90 -5.56
0.46 13.77 -11.11
3.93 21.65 -24.19
33.62 -9.96 -63.00
0.90 25.87 -21.26
0.70 20.16 -16.57
0.70 21.01 -17.26
-5.44 64.77 -37.22
-10.45 87.62 -44.00
-7.45 103.88 -62.58
6.17 -0.30 -12.78
8.47 0.40 -18.11
4.39 -0.43 -8.97
-2.34 66.88 -45.82
-11.27 71.94 -30.91
0.47 22.45 -18.19
11.41 11.13 -32.83
8.49 -2.40 -16.26
26.61 -20.71 -40.76
1.53 23.72 -22.01
-0.19 18.43 -14.09
0.16 22.93 -18.56
-9.05 86.13 -49.20
1.58 45.20 -39.73
-7.17 93.19 -59.32
-11.01 76.39 -37.48
2.47 34.43 -33.21
3.51 41.00 -41.30
-3.73 54.74 -36.87
14.99 -22.82 -14.46
-6.77 101.92 -69.42
6.57 42.95 -50.34
-10.22 114.54 -72.42
9.36 2.91 -23.43
-0.33 13.49 -10.66
14.39 0.83 -33.31
8.67 -1.88 -18.03
-0.62 19.79 -15.58
-15.19 95.93 -49.92
6.64 2.87 -17.89
-9.80 50.89 -22.75
8.55 0.13 -20.05
3.54 30.58 -35.78
0.70 6.52 -7.55
4.86 46.22 -53.28
5.88 2.62 -16.17
34.96 -46.23 -40.13
-4.98 33.32 -18.83
-9.46 83.01 -54.05
0.19 35.92 -33.62
-15.10 89.28 -46.74
2.82 22.31 -27.47
2.63 20.80 -25.61
2.47 19.54 -24.07
2.60 23.17 -27.69
3.69 47.90 -53.36
7.07 -1.71 -15.25
17.55 -7.74 -34.76
-8.85 73.10 -48.00
-9.78 79.67 -51.93
2.45 28.63 -33.06
2.22 25.90 -30.01
8.00 -1.69 -17.70
-10.49 86.68 -57.79
13.37 1.45 -34.15
0.41 33.48 -33.83
1.75 77.22 -80.83
2.97 40.43 -47.30
7.09 -1.49 -16.04
-14.44 124.76 -88.60
1.99 30.00 -34.95
10.07 -2.10 -22.89
21.36 17.74 -70.85
5.11 13.37 -26.14
1.13 21.60 -24.53
1.49 31.50 -35.39
7.39 -1.56 -16.89
-10.60 70.90 -45.67
1.22 29.05 -32.75
5.75 27.54 -42.66
1.17 29.11 -32.70
-19.60 86.28 -39.02
-7.88 48.67 -29.98
-1.19 17.45 -14.94
1.07 29.06 -32.75
0.39 -0.08 -0.92
-11.12 83.30 -57.98
1.11 30.39 -34.38
-17.82 97.10 -55.40
-11.61 54.14 -26.77
1.32 30.29 -35.00
1.01 30.53 -34.53
-8.97 54.20 -33.80
-8.88 53.64 -33.58
2.19 28.49 -35.67
7.59 -1.75 -17.66
-1.93 7.12 -2.53
-15.17 81.83 -47.66
3.02 42.16 -52.76
-11.02 80.45 -57.50
-15.12 111.82 -80.49
-0.61 31.76 -32.44
0.44 31.18 -34.63
-15.82 103.38 -70.28
-1.99 49.63 -48.47
10.87 -2.57 -25.68
2.91 19.68 -29.28
-10.33 68.28 -48.00
-2.41 8.48 -2.97
-21.58 112.04 -67.75
9.35 12.64 -39.70
0.32 0.07 -0.94
-1.80 16.55 -14.07
-6.04 35.34 -24.09
2.87 -0.11 -7.68
16.54 -15.81 -26.88
-17.37 112.20 -83.10
9.13 -5.12 -19.12
-13.07 58.49 -32.54
-6.18 37.76 -27.29
-0.06 0.72 -0.69
6.65 -1.45 -16.77
-6.21 39.69 -29.94
-16.38 75.12 -44.03
-20.55 106.73 -70.59
-2.51 8.31 -3.04
-17.12 84.92 -54.98
-8.58 38.08 -22.99
-10.57 42.38 -22.64
-13.85 55.14 -29.60
9.96 -6.08 -21.31
10.69 -4.12 -26.10
10.01 -6.85 -20.59
-11.52 47.96 -28.36
-12.20 47.51 -25.75
-8.09 33.45 -19.79
14.85 -5.91 -36.23
2.68 -0.03 -7.96
-5.32 27.62 -20.66
-21.51 98.67 -66.84
13.88 -13.54 -23.02
-2.26 14.92 -13.12
0.96 18.95 -28.45
-13.01 48.90 -26.68
0.65 20.84 -30.45
2.67 -0.29 -7.75
0.61 20.50 -29.95
-20.87 88.29 -56.91
8.58 -1.28 -24.51
1.08 18.22 -28.33
1.00 18.99 -29.50
-4.10 25.28 -22.66
18.45 -1.29 -55.60
-4.25 16.42 -9.83
14.55 -7.41 -34.86
-16.74 60.78 -33.52
-1.53 5.80 -3.41
-18.42 76.73 -51.44
1.69 9.30 -18.64
3.49 9.18 -24.18
-16.33 66.98 -44.77
16.89 -8.83 -40.87
2.91 8.39 -21.54
-17.70 66.99 -41.96
-2.43 9.99 -6.93
16.26 12.57 -71.19
22.56 10.23 -88.71
-27.65 114.27 -81.41
-0.59 21.20 -30.07
-17.55 62.42 -37.29
9.00 -3.97 -23.74
-16.90 64.42 -43.42
1.84 0.35 -6.75
-25.25 92.31 -60.27
-2.54 9.83 -6.95
1.79 13.76 -27.95
30.39 -41.21 -37.89
-1.88 14.50 -16.70
-1.93 15.73 -18.55
-11.65 50.47 -40.91
12.24 -4.67 -34.50
-29.53 113.36 -82.02
-21.00 76.23 -51.74
-1.34 21.25 -30.75
23.50 11.21 -102.13
23.32 11.17 -102.18
19.40 9.42 -85.21
-13.70 43.18 -24.29
23.39 11.01 -102.18
-22.40 77.11 -50.96
23.39 11.01 -102.18
23.38 11.05 -102.18
23.38 11.05 -102.18
23.39 11.01 -102.18
23.27 10.85 -102.22
23.25 10.89 -102.22
23.27 10.85 -102.22
9.12 -7.84 -19.25
6.26 1.74 -25.49
23.15 10.70 -102.27
-2.89 10.22 -7.33
10.12 15.65 -64.56
-25.63 88.81 -62.35
2.19 -0.39 -7.37
-16.93 54.37 -34.35
6.17 -2.05 -19.44
-29.89 99.61 -69.89
-16.12 53.73 -37.55
-2.49 43.23 -70.11
18.46 8.26 -85.54
-2.72 29.85 -45.28
-22.74 74.39 -51.88
2.26 -1.73 -5.40
-5.54 35.39 -45.36
-7.80 48.16 -62.90
3.52 12.02 -37.88
7.66 7.50 -46.07
-4.24 28.34 -39.87
-4.52 17.34 -16.71
-21.79 79.66 -72.81
-4.57 17.17 -16.28
22.09 -22.25 -44.94
17.07 -24.02 -20.86
-28.91 87.92 -62.90
-4.43 17.03 -17.05
-6.31 40.32 -57.85
-14.47 40.85 -25.53
0.62 0.05 -2.73
-29.90 97.79 -82.51
-7.21 23.72 -21.17
-4.20 16.00 -17.25
